Test 1
Semantic coverage Total Correctness R1 [ 1, 3, 5, 12, 22, 26, 32, 35, 41, 43, 44, 50, 51, 52, 57, 60, 65, 67, 74, 77, 82, 84, 99, 106, 107, 1, 2, 3, 4, 6, 7, 8, 9, 11, 12, 13, 14, 16, 17, 18, 19, 20, 21, 22, 23, 24, 26, 27, 28, 29, 31, 32, 33, 34, 36, 37, 38, 39, 41, 42, 43, 44, 46, 47, 48, 49, 51, 52, 53, 54, 56, 57, 58, 59, 61, 62, 63, 64, 66, 67, 68, 69, 71, 72, 73, 82, 83, 84, 86, 87, 88, 89, 91, 92, 93, 94, 96, 97, 98, 99, 101, 102, 103, 104, 106, 107]
Semantic coverage Partial Correctness R1 [ 1, 3, 5, 12, 22, 26, 32, 35, 41, 43, 44, 50, 51, 52, 57, 60, 65, 67, 74, 77, 82, 84, 99, 106, 107, 1, 2, 3, 4, 6, 7, 8, 9, 11, 12, 13, 14, 16, 17, 18, 19, 20, 21, 22, 23, 24, 26, 27, 28, 29, 31, 32, 33, 34, 36, 37, 38, 39, 41, 42, 43, 44, 46, 47, 48, 49, 51, 52, 53, 54, 56, 57, 58, 59, 61, 62, 63, 64, 66, 67, 68, 69, 71, 72, 73, 74, 75, 76, 77, 78, 79, 80, 81, 82, 83, 84, 86, 87, 88, 89, 91, 92, 93, 94, 96, 97, 98, 99, 101, 102, 103, 104, 106, 107]
Semantic coverage Total Correctness R2 [ 1, 3, 5, 12, 22, 26, 32, 35, 41, 43, 44, 50, 51, 52, 57, 60, 65, 67, 74, 77, 82, 84, 99, 106, 107, 1, 2, 3, 4, 5, 6, 8, 9, 10, 11, 12, 13, 15, 16, 17, 18, 19, 20, 22, 23, 24, 25, 26, 27, 29, 30, 31, 32, 33, 34, 36, 37, 38, 39, 40, 41, 43, 44, 45, 46, 47, 48, 50, 51, 52, 53, 54, 55, 57, 58, 59, 60, 61, 62, 64, 65, 66, 67, 68, 69, 71, 72, 73, 78, 79, 80, 81, 82, 83, 85, 86, 87, 88, 89, 90, 92, 93, 94, 95, 96, 97, 99, 100, 101, 102, 103, 104, 106, 107]
Semantic coverage Partial Correctness R2 [ 1, 3, 5, 12, 22, 26, 32, 35, 41, 43, 44, 50, 51, 52, 57, 60, 65, 67, 74, 77, 82, 84, 99, 106, 107, 1, 2, 3, 4, 5, 6, 8, 9, 10, 11, 12, 13, 15, 16, 17, 18, 19, 20, 22, 23, 24, 25, 26, 27, 29, 30, 31, 32, 33, 34, 36, 37, 38, 39, 40, 41, 43, 44, 45, 46, 47, 48, 50, 51, 52, 53, 54, 55, 57, 58, 59, 60, 61, 62, 64, 65, 66, 67, 68, 69, 71, 72, 73, 74, 75, 76, 77, 78, 79, 80, 81, 82, 83, 85, 86, 87, 88, 89, 90, 92, 93, 94, 95, 96, 97, 99, 100, 101, 102, 103, 104, 106, 107]
Semantic coverage Total Correctness R3 [ 1, 3, 5, 12, 22, 26, 32, 35, 41, 43, 44, 50, 51, 52, 57, 60, 65, 67, 74, 77, 82, 84, 99, 106, 107, 1, 2, 3, 4, 5, 6, 7, 8, 9, 10, 12, 13, 14, 15, 16, 17, 18, 19, 20, 21, 23, 24, 25, 26, 27, 28, 29, 30, 31, 32, 34, 35, 36, 37, 38, 39, 40, 41, 42, 43, 45, 46, 47, 48, 49, 50, 51, 52, 53, 54, 56, 57, 58, 59, 60, 61, 62, 63, 64, 65, 67, 68, 69, 70, 71, 72, 73, 78, 79, 80, 81, 82, 83, 84, 85, 86, 87, 89, 90, 91, 92, 93, 94, 95, 96, 97, 98, 100, 101, 102, 103, 104, 105, 106, 107]
Semantic coverage Partial Correctness R3 [ 1, 3, 5, 12, 22, 26, 32, 35, 41, 43, 44, 50, 51, 52, 57, 60, 65, 67, 74, 77, 82, 84, 99, 106, 107, 1, 2, 3, 4, 5, 6, 7, 8, 9, 10, 12, 13, 14, 15, 16, 17, 18, 19, 20, 21, 23, 24, 25, 26, 27, 28, 29, 30, 31, 32, 34, 35, 36, 37, 38, 39, 40, 41, 42, 43, 45, 46, 47, 48, 49, 50, 51, 52, 53, 54, 56, 57, 58, 59, 60, 61, 62, 63, 64, 65, 67, 68, 69, 70, 71, 72, 73, 74, 75, 76, 77, 78, 79, 80, 81, 82, 83, 84, 85, 86, 87, 89, 90, 91, 92, 93, 94, 95, 96, 97, 98, 100, 101, 102, 103, 104, 105, 106, 107]
=========================================================
Test 2
Semantic coverage Total Correctness R1 [7, 9, 12, 13, 22, 25, 28, 30, 34, 36, 37, 39, 44, 45, 46, 47, 48, 50, 57, 65, 68, 69, 73, 74, 75, 85, 87, 89, 95, 100, 107, 1, 2, 3, 4, 6, 7, 8, 9, 11, 12, 13, 14, 16, 17, 18, 19, 20, 21, 22, 23, 24, 26, 27, 28, 29, 31, 32, 33, 34, 36, 37, 38, 39, 41, 42, 43, 44, 46, 47, 48, 49, 51, 52, 53, 54, 56, 57, 58, 59, 61, 62, 63, 64, 66, 67, 68, 69, 71, 72, 73, 82, 83, 84, 86, 87, 88, 89, 91, 92, 93, 94, 96, 97, 98, 99, 101, 102, 103, 104, 106, 107]
Semantic coverage Partial Correctness R1 [7, 9, 12, 13, 22, 25, 28, 30, 34, 36, 37, 39, 44, 45, 46, 47, 48, 50, 57, 65, 68, 69, 73, 74, 75, 85, 87, 89, 95, 100, 107, 1, 2, 3, 4, 6, 7, 8, 9, 11, 12, 13, 14, 16, 17, 18, 19, 20, 21, 22, 23, 24, 26, 27, 28, 29, 31, 32, 33, 34, 36, 37, 38, 39, 41, 42, 43, 44, 46, 47, 48, 49, 51, 52, 53, 54, 56, 57, 58, 59, 61, 62, 63, 64, 66, 67, 68, 69, 71, 72, 73, 74, 75, 76, 77, 78, 79, 80, 81, 82, 83, 84, 86, 87, 88, 89, 91, 92, 93, 94, 96, 97, 98, 99, 101, 102, 103, 104, 106, 107]
Semantic coverage Total Correctness R2 [7, 9, 12, 13, 22, 25, 28, 30, 34, 36, 37, 39, 44, 45, 46, 47, 48, 50, 57, 65, 68, 69, 73, 74, 75, 85, 87, 89, 95, 100, 107, 1, 2, 3, 4, 5, 6, 8, 9, 10, 11, 12, 13, 15, 16, 17, 18, 19, 20, 22, 23, 24, 25, 26, 27, 29, 30, 31, 32, 33, 34, 36, 37, 38, 39, 40, 41, 43, 44, 45, 46, 47, 48, 50, 51, 52, 53, 54, 55, 57, 58, 59, 60, 61, 62, 64, 65, 66, 67, 68, 69, 71, 72, 73, 78, 79, 80, 81, 82, 83, 85, 86, 87, 88, 89, 90, 92, 93, 94, 95, 96, 97, 99, 100, 101, 102, 103, 104, 106, 107]
Semantic coverage Partial Correctness R2 [7, 9, 12, 13, 22, 25, 28, 30, 34, 36, 37, 39, 44, 45, 46, 47, 48, 50, 57, 65, 68, 69, 73, 74, 75, 85, 87, 89, 95, 100, 107, 1, 2, 3, 4, 5, 6, 8, 9, 10, 11, 12, 13, 15, 16, 17, 18, 19, 20, 22, 23, 24, 25, 26, 27, 29, 30, 31, 32, 33, 34, 36, 37, 38, 39, 40, 41, 43, 44, 45, 46, 47, 48, 50, 51, 52, 53, 54, 55, 57, 58, 59, 60, 61, 62, 64, 65, 66, 67, 68, 69, 71, 72, 73, 74, 75, 76, 77, 78, 79, 80, 81, 82, 83, 85, 86, 87, 88, 89, 90, 92, 93, 94, 95, 96, 97, 99, 100, 101, 102, 103, 104, 106, 107]
Semantic coverage Total Correctness R3 [7, 9, 12, 13, 22, 25, 28, 30, 34, 36, 37, 39, 44, 45, 46, 47, 48, 50, 57, 65, 68, 69, 73, 74, 75, 85, 87, 89, 95, 100, 107, 1, 2, 3, 4, 5, 6, 7, 8, 9, 10, 12, 13, 14, 15, 16, 17, 18, 19, 20, 21, 23, 24, 25, 26, 27, 28, 29, 30, 31, 32, 34, 35, 36, 37, 38, 39, 40, 41, 42, 43, 45, 46, 47, 48, 49, 50, 51, 52, 53, 54, 56, 57, 58, 59, 60, 61, 62, 63, 64, 65, 67, 68, 69, 70, 71, 72, 73, 78, 79, 80, 81, 82, 83, 84, 85, 86, 87, 89, 90, 91, 92, 93, 94, 95, 96, 97, 98, 100, 101, 102, 103, 104, 105, 106, 107]
Semantic coverage Partial Correctness R3 [7, 9, 12, 13, 22, 25, 28, 30, 34, 36, 37, 39, 44, 45, 46, 47, 48, 50, 57, 65, 68, 69, 73, 74, 75, 85, 87, 89, 95, 100, 107, 1, 2, 3, 4, 5, 6, 7, 8, 9, 10, 12, 13, 14, 15, 16, 17, 18, 19, 20, 21, 23, 24, 25, 26, 27, 28, 29, 30, 31, 32, 34, 35, 36, 37, 38, 39, 40, 41, 42, 43, 45, 46, 47, 48, 49, 50, 51, 52, 53, 54, 56, 57, 58, 59, 60, 61, 62, 63, 64, 65, 67, 68, 69, 70, 71, 72, 73, 74, 75, 76, 77, 78, 79, 80, 81, 82, 83, 84, 85, 86, 87, 89, 90, 91, 92, 93, 94, 95, 96, 97, 98, 100, 101, 102, 103, 104, 105, 106, 107]
=========================================================
Test 3
Semantic coverage Total Correctness R1 [9, 12, 14, 17, 18, 23, 27, 41, 44, 46, 57, 59, 62, 83, 85, 88, 90, 96, 99, 101, 103, 106, 1, 2, 3, 4, 6, 7, 8, 9, 11, 12, 13, 14, 16, 17, 18, 19, 20, 21, 22, 23, 24, 26, 27, 28, 29, 31, 32, 33, 34, 36, 37, 38, 39, 41, 42, 43, 44, 46, 47, 48, 49, 51, 52, 53, 54, 56, 57, 58, 59, 61, 62, 63, 64, 66, 67, 68, 69, 71, 72, 73, 82, 83, 84, 86, 87, 88, 89, 91, 92, 93, 94, 96, 97, 98, 99, 101, 102, 103, 104, 106, 107]
Semantic coverage Partial Correctness R1 [9, 12, 14, 17, 18, 23, 27, 41, 44, 46, 57, 59, 62, 83, 85, 88, 90, 96, 99, 101, 103, 106, 1, 2, 3, 4, 6, 7, 8, 9, 11, 12, 13, 14, 16, 17, 18, 19, 20, 21, 22, 23, 24, 26, 27, 28, 29, 31, 32, 33, 34, 36, 37, 38, 39, 41, 42, 43, 44, 46, 47, 48, 49, 51, 52, 53, 54, 56, 57, 58, 59, 61, 62, 63, 64, 66, 67, 68, 69, 71, 72, 73, 74, 75, 76, 77, 78, 79, 80, 81, 82, 83, 84, 86, 87, 88, 89, 91, 92, 93, 94, 96, 97, 98, 99, 101, 102, 103, 104, 106, 107]
Semantic coverage Total Correctness R2 [9, 12, 14, 17, 18, 23, 27, 41, 44, 46, 57, 59, 62, 83, 85, 88, 90, 96, 99, 101, 103, 106, 1, 2, 3, 4, 5, 6, 8, 9, 10, 11, 12, 13, 15, 16, 17, 18, 19, 20, 22, 23, 24, 25, 26, 27, 29, 30, 31, 32, 33, 34, 36, 37, 38, 39, 40, 41, 43, 44, 45, 46, 47, 48, 50, 51, 52, 53, 54, 55, 57, 58, 59, 60, 61, 62, 64, 65, 66, 67, 68, 69, 71, 72, 73, 78, 79, 80, 81, 82, 83, 85, 86, 87, 88, 89, 90, 92, 93, 94, 95, 96, 97, 99, 100, 101, 102, 103, 104, 106, 107]
Semantic coverage Partial Correctness R2 [9, 12, 14, 17, 18, 23, 27, 41, 44, 46, 57, 59, 62, 83, 85, 88, 90, 96, 99, 101, 103, 106, 1, 2, 3, 4, 5, 6, 8, 9, 10, 11, 12, 13, 15, 16, 17, 18, 19, 20, 22, 23, 24, 25, 26, 27, 29, 30, 31, 32, 33, 34, 36, 37, 38, 39, 40, 41, 43, 44, 45, 46, 47, 48, 50, 51, 52, 53, 54, 55, 57, 58, 59, 60, 61, 62, 64, 65, 66, 67, 68, 69, 71, 72, 73, 74, 75, 76, 77, 78, 79, 80, 81, 82, 83, 85, 86, 87, 88, 89, 90, 92, 93, 94, 95, 96, 97, 99, 100, 101, 102, 103, 104, 106, 107]
Semantic coverage Total Correctness R3 [9, 12, 14, 17, 18, 23, 27, 41, 44, 46, 57, 59, 62, 83, 85, 88, 90, 96, 99, 101, 103, 106, 1, 2, 3, 4, 5, 6, 7, 8, 9, 10, 12, 13, 14, 15, 16, 17, 18, 19, 20, 21, 23, 24, 25, 26, 27, 28, 29, 30, 31, 32, 34, 35, 36, 37, 38, 39, 40, 41, 42, 43, 45, 46, 47, 48, 49, 50, 51, 52, 53, 54, 56, 57, 58, 59, 60, 61, 62, 63, 64, 65, 67, 68, 69, 70, 71, 72, 73, 78, 79, 80, 81, 82, 83, 84, 85, 86, 87, 89, 90, 91, 92, 93, 94, 95, 96, 97, 98, 100, 101, 102, 103, 104, 105, 106, 107]
Semantic coverage Partial Correctness R3 [9, 12, 14, 17, 18, 23, 27, 41, 44, 46, 57, 59, 62, 83, 85, 88, 90, 96, 99, 101, 103, 106, 1, 2, 3, 4, 5, 6, 7, 8, 9, 10, 12, 13, 14, 15, 16, 17, 18, 19, 20, 21, 23, 24, 25, 26, 27, 28, 29, 30, 31, 32, 34, 35, 36, 37, 38, 39, 40, 41, 42, 43, 45, 46, 47, 48, 49, 50, 51, 52, 53, 54, 56, 57, 58, 59, 60, 61, 62, 63, 64, 65, 67, 68, 69, 70, 71, 72, 73, 74, 75, 76, 77, 78, 79, 80, 81, 82, 83, 84, 85, 86, 87, 89, 90, 91, 92, 93, 94, 95, 96, 97, 98, 100, 101, 102, 103, 104, 105, 106, 107]
=========================================================
Test 4
Semantic coverage Total Correctness R1 [8, 10, 16, 18, 24, 27, 28, 31, 32, 35, 42, 47, 51, 56, 57, 58, 60, 80, 81, 95, 98, 107, 1, 2, 3, 4, 6, 7, 8, 9, 11, 12, 13, 14, 16, 17, 18, 19, 20, 21, 22, 23, 24, 26, 27, 28, 29, 31, 32, 33, 34, 36, 37, 38, 39, 41, 42, 43, 44, 46, 47, 48, 49, 51, 52, 53, 54, 56, 57, 58, 59, 61, 62, 63, 64, 66, 67, 68, 69, 71, 72, 73, 82, 83, 84, 86, 87, 88, 89, 91, 92, 93, 94, 96, 97, 98, 99, 101, 102, 103, 104, 106, 107]
Semantic coverage Partial Correctness R1 [8, 10, 16, 18, 24, 27, 28, 31, 32, 35, 42, 47, 51, 56, 57, 58, 60, 80, 81, 95, 98, 107, 1, 2, 3, 4, 6, 7, 8, 9, 11, 12, 13, 14, 16, 17, 18, 19, 20, 21, 22, 23, 24, 26, 27, 28, 29, 31, 32, 33, 34, 36, 37, 38, 39, 41, 42, 43, 44, 46, 47, 48, 49, 51, 52, 53, 54, 56, 57, 58, 59, 61, 62, 63, 64, 66, 67, 68, 69, 71, 72, 73, 74, 75, 76, 77, 78, 79, 80, 81, 82, 83, 84, 86, 87, 88, 89, 91, 92, 93, 94, 96, 97, 98, 99, 101, 102, 103, 104, 106, 107]
Semantic coverage Total Correctness R2 [8, 10, 16, 18, 24, 27, 28, 31, 32, 35, 42, 47, 51, 56, 57, 58, 60, 80, 81, 95, 98, 107, 1, 2, 3, 4, 5, 6, 8, 9, 10, 11, 12, 13, 15, 16, 17, 18, 19, 20, 22, 23, 24, 25, 26, 27, 29, 30, 31, 32, 33, 34, 36, 37, 38, 39, 40, 41, 43, 44, 45, 46, 47, 48, 50, 51, 52, 53, 54, 55, 57, 58, 59, 60, 61, 62, 64, 65, 66, 67, 68, 69, 71, 72, 73, 78, 79, 80, 81, 82, 83, 85, 86, 87, 88, 89, 90, 92, 93, 94, 95, 96, 97, 99, 100, 101, 102, 103, 104, 106, 107]
Semantic coverage Partial Correctness R2 [8, 10, 16, 18, 24, 27, 28, 31, 32, 35, 42, 47, 51, 56, 57, 58, 60, 80, 81, 95, 98, 107, 1, 2, 3, 4, 5, 6, 8, 9, 10, 11, 12, 13, 15, 16, 17, 18, 19, 20, 22, 23, 24, 25, 26, 27, 29, 30, 31, 32, 33, 34, 36, 37, 38, 39, 40, 41, 43, 44, 45, 46, 47, 48, 50, 51, 52, 53, 54, 55, 57, 58, 59, 60, 61, 62, 64, 65, 66, 67, 68, 69, 71, 72, 73, 74, 75, 76, 77, 78, 79, 80, 81, 82, 83, 85, 86, 87, 88, 89, 90, 92, 93, 94, 95, 96, 97, 99, 100, 101, 102, 103, 104, 106, 107]
Semantic coverage Total Correctness R3 [8, 10, 16, 18, 24, 27, 28, 31, 32, 35, 42, 47, 51, 56, 57, 58, 60, 80, 81, 95, 98, 107, 1, 2, 3, 4, 5, 6, 7, 8, 9, 10, 12, 13, 14, 15, 16, 17, 18, 19, 20, 21, 23, 24, 25, 26, 27, 28, 29, 30, 31, 32, 34, 35, 36, 37, 38, 39, 40, 41, 42, 43, 45, 46, 47, 48, 49, 50, 51, 52, 53, 54, 56, 57, 58, 59, 60, 61, 62, 63, 64, 65, 67, 68, 69, 70, 71, 72, 73, 78, 79, 80, 81, 82, 83, 84, 85, 86, 87, 89, 90, 91, 92, 93, 94, 95, 96, 97, 98, 100, 101, 102, 103, 104, 105, 106, 107]
Semantic coverage Partial Correctness R3 [8, 10, 16, 18, 24, 27, 28, 31, 32, 35, 42, 47, 51, 56, 57, 58, 60, 80, 81, 95, 98, 107, 1, 2, 3, 4, 5, 6, 7, 8, 9, 10, 12, 13, 14, 15, 16, 17, 18, 19, 20, 21, 23, 24, 25, 26, 27, 28, 29, 30, 31, 32, 34, 35, 36, 37, 38, 39, 40, 41, 42, 43, 45, 46, 47, 48, 49, 50, 51, 52, 53, 54, 56, 57, 58, 59, 60, 61, 62, 63, 64, 65, 67, 68, 69, 70, 71, 72, 73, 74, 75, 76, 77, 78, 79, 80, 81, 82, 83, 84, 85, 86, 87, 89, 90, 91, 92, 93, 94, 95, 96, 97, 98, 100, 101, 102, 103, 104, 105, 106, 107]
=========================================================
Test 5
Semantic coverage Total Correctness R1 [7, 8, 13, 14, 16, 18, 20, 22, 24, 26, 33, 34, 36, 38, 39, 45, 46, 56, 57, 61, 65, 72, 73, 74, 77, 79, 82, 83, 84, 89, 90, 91, 92, 100, 103, 104, 1, 2, 3, 4, 6, 7, 8, 9, 11, 12, 13, 14, 16, 17, 18, 19, 20, 21, 22, 23, 24, 26, 27, 28, 29, 31, 32, 33, 34, 36, 37, 38, 39, 41, 42, 43, 44, 46, 47, 48, 49, 51, 52, 53, 54, 56, 57, 58, 59, 61, 62, 63, 64, 66, 67, 68, 69, 71, 72, 73, 82, 83, 84, 86, 87, 88, 89, 91, 92, 93, 94, 96, 97, 98, 99, 101, 102, 103, 104, 106, 107]
Semantic coverage Partial Correctness R1 [7, 8, 13, 14, 16, 18, 20, 22, 24, 26, 33, 34, 36, 38, 39, 45, 46, 56, 57, 61, 65, 72, 73, 74, 77, 79, 82, 83, 84, 89, 90, 91, 92, 100, 103, 104, 1, 2, 3, 4, 6, 7, 8, 9, 11, 12, 13, 14, 16, 17, 18, 19, 20, 21, 22, 23, 24, 26, 27, 28, 29, 31, 32, 33, 34, 36, 37, 38, 39, 41, 42, 43, 44, 46, 47, 48, 49, 51, 52, 53, 54, 56, 57, 58, 59, 61, 62, 63, 64, 66, 67, 68, 69, 71, 72, 73, 74, 75, 76, 77, 78, 79, 80, 81, 82, 83, 84, 86, 87, 88, 89, 91, 92, 93, 94, 96, 97, 98, 99, 101, 102, 103, 104, 106, 107]
Semantic coverage Total Correctness R2 [7, 8, 13, 14, 16, 18, 20, 22, 24, 26, 33, 34, 36, 38, 39, 45, 46, 56, 57, 61, 65, 72, 73, 74, 77, 79, 82, 83, 84, 89, 90, 91, 92, 100, 103, 104, 1, 2, 3, 4, 5, 6, 8, 9, 10, 11, 12, 13, 15, 16, 17, 18, 19, 20, 22, 23, 24, 25, 26, 27, 29, 30, 31, 32, 33, 34, 36, 37, 38, 39, 40, 41, 43, 44, 45, 46, 47, 48, 50, 51, 52, 53, 54, 55, 57, 58, 59, 60, 61, 62, 64, 65, 66, 67, 68, 69, 71, 72, 73, 78, 79, 80, 81, 82, 83, 85, 86, 87, 88, 89, 90, 92, 93, 94, 95, 96, 97, 99, 100, 101, 102, 103, 104, 106, 107]
Semantic coverage Partial Correctness R2 [7, 8, 13, 14, 16, 18, 20, 22, 24, 26, 33, 34, 36, 38, 39, 45, 46, 56, 57, 61, 65, 72, 73, 74, 77, 79, 82, 83, 84, 89, 90, 91, 92, 100, 103, 104, 1, 2, 3, 4, 5, 6, 8, 9, 10, 11, 12, 13, 15, 16, 17, 18, 19, 20, 22, 23, 24, 25, 26, 27, 29, 30, 31, 32, 33, 34, 36, 37, 38, 39, 40, 41, 43, 44, 45, 46, 47, 48, 50, 51, 52, 53, 54, 55, 57, 58, 59, 60, 61, 62, 64, 65, 66, 67, 68, 69, 71, 72, 73, 74, 75, 76, 77, 78, 79, 80, 81, 82, 83, 85, 86, 87, 88, 89, 90, 92, 93, 94, 95, 96, 97, 99, 100, 101, 102, 103, 104, 106, 107]
Semantic coverage Total Correctness R3 [7, 8, 13, 14, 16, 18, 20, 22, 24, 26, 33, 34, 36, 38, 39, 45, 46, 56, 57, 61, 65, 72, 73, 74, 77, 79, 82, 83, 84, 89, 90, 91, 92, 100, 103, 104, 1, 2, 3, 4, 5, 6, 7, 8, 9, 10, 12, 13, 14, 15, 16, 17, 18, 19, 20, 21, 23, 24, 25, 26, 27, 28, 29, 30, 31, 32, 34, 35, 36, 37, 38, 39, 40, 41, 42, 43, 45, 46, 47, 48, 49, 50, 51, 52, 53, 54, 56, 57, 58, 59, 60, 61, 62, 63, 64, 65, 67, 68, 69, 70, 71, 72, 73, 78, 79, 80, 81, 82, 83, 84, 85, 86, 87, 89, 90, 91, 92, 93, 94, 95, 96, 97, 98, 100, 101, 102, 103, 104, 105, 106, 107]
Semantic coverage Partial Correctness R3 [7, 8, 13, 14, 16, 18, 20, 22, 24, 26, 33, 34, 36, 38, 39, 45, 46, 56, 57, 61, 65, 72, 73, 74, 77, 79, 82, 83, 84, 89, 90, 91, 92, 100, 103, 104, 1, 2, 3, 4, 5, 6, 7, 8, 9, 10, 12, 13, 14, 15, 16, 17, 18, 19, 20, 21, 23, 24, 25, 26, 27, 28, 29, 30, 31, 32, 34, 35, 36, 37, 38, 39, 40, 41, 42, 43, 45, 46, 47, 48, 49, 50, 51, 52, 53, 54, 56, 57, 58, 59, 60, 61, 62, 63, 64, 65, 67, 68, 69, 70, 71, 72, 73, 74, 75, 76, 77, 78, 79, 80, 81, 82, 83, 84, 85, 86, 87, 89, 90, 91, 92, 93, 94, 95, 96, 97, 98, 100, 101, 102, 103, 104, 105, 106, 107]
=========================================================
Test 6
Semantic coverage Total Correctness R1 [6, 8, 11, 12, 19, 24, 28, 29, 30, 31, 32, 40, 41, 44, 45, 47, 48, 49, 50, 51, 52, 54, 56, 57, 59, 60, 61, 64, 66, 67, 72, 73, 74, 75, 78, 81, 83, 85, 93, 94, 96, 97, 99, 102, 104, 106, 1, 2, 3, 4, 6, 7, 8, 9, 11, 12, 13, 14, 16, 17, 18, 19, 20, 21, 22, 23, 24, 26, 27, 28, 29, 31, 32, 33, 34, 36, 37, 38, 39, 41, 42, 43, 44, 46, 47, 48, 49, 51, 52, 53, 54, 56, 57, 58, 59, 61, 62, 63, 64, 66, 67, 68, 69, 71, 72, 73, 82, 83, 84, 86, 87, 88, 89, 91, 92, 93, 94, 96, 97, 98, 99, 101, 102, 103, 104, 106, 107]
Semantic coverage Partial Correctness R1 [6, 8, 11, 12, 19, 24, 28, 29, 30, 31, 32, 40, 41, 44, 45, 47, 48, 49, 50, 51, 52, 54, 56, 57, 59, 60, 61, 64, 66, 67, 72, 73, 74, 75, 78, 81, 83, 85, 93, 94, 96, 97, 99, 102, 104, 106, 1, 2, 3, 4, 6, 7, 8, 9, 11, 12, 13, 14, 16, 17, 18, 19, 20, 21, 22, 23, 24, 26, 27, 28, 29, 31, 32, 33, 34, 36, 37, 38, 39, 41, 42, 43, 44, 46, 47, 48, 49, 51, 52, 53, 54, 56, 57, 58, 59, 61, 62, 63, 64, 66, 67, 68, 69, 71, 72, 73, 74, 75, 76, 77, 78, 79, 80, 81, 82, 83, 84, 86, 87, 88, 89, 91, 92, 93, 94, 96, 97, 98, 99, 101, 102, 103, 104, 106, 107]
Semantic coverage Total Correctness R2 [6, 8, 11, 12, 19, 24, 28, 29, 30, 31, 32, 40, 41, 44, 45, 47, 48, 49, 50, 51, 52, 54, 56, 57, 59, 60, 61, 64, 66, 67, 72, 73, 74, 75, 78, 81, 83, 85, 93, 94, 96, 97, 99, 102, 104, 106, 1, 2, 3, 4, 5, 6, 8, 9, 10, 11, 12, 13, 15, 16, 17, 18, 19, 20, 22, 23, 24, 25, 26, 27, 29, 30, 31, 32, 33, 34, 36, 37, 38, 39, 40, 41, 43, 44, 45, 46, 47, 48, 50, 51, 52, 53, 54, 55, 57, 58, 59, 60, 61, 62, 64, 65, 66, 67, 68, 69, 71, 72, 73, 78, 79, 80, 81, 82, 83, 85, 86, 87, 88, 89, 90, 92, 93, 94, 95, 96, 97, 99, 100, 101, 102, 103, 104, 106, 107]
Semantic coverage Partial Correctness R2 [6, 8, 11, 12, 19, 24, 28, 29, 30, 31, 32, 40, 41, 44, 45, 47, 48, 49, 50, 51, 52, 54, 56, 57, 59, 60, 61, 64, 66, 67, 72, 73, 74, 75, 78, 81, 83, 85, 93, 94, 96, 97, 99, 102, 104, 106, 1, 2, 3, 4, 5, 6, 8, 9, 10, 11, 12, 13, 15, 16, 17, 18, 19, 20, 22, 23, 24, 25, 26, 27, 29, 30, 31, 32, 33, 34, 36, 37, 38, 39, 40, 41, 43, 44, 45, 46, 47, 48, 50, 51, 52, 53, 54, 55, 57, 58, 59, 60, 61, 62, 64, 65, 66, 67, 68, 69, 71, 72, 73, 74, 75, 76, 77, 78, 79, 80, 81, 82, 83, 85, 86, 87, 88, 89, 90, 92, 93, 94, 95, 96, 97, 99, 100, 101, 102, 103, 104, 106, 107]
Semantic coverage Total Correctness R3 [6, 8, 11, 12, 19, 24, 28, 29, 30, 31, 32, 40, 41, 44, 45, 47, 48, 49, 50, 51, 52, 54, 56, 57, 59, 60, 61, 64, 66, 67, 72, 73, 74, 75, 78, 81, 83, 85, 93, 94, 96, 97, 99, 102, 104, 106, 1, 2, 3, 4, 5, 6, 7, 8, 9, 10, 12, 13, 14, 15, 16, 17, 18, 19, 20, 21, 23, 24, 25, 26, 27, 28, 29, 30, 31, 32, 34, 35, 36, 37, 38, 39, 40, 41, 42, 43, 45, 46, 47, 48, 49, 50, 51, 52, 53, 54, 56, 57, 58, 59, 60, 61, 62, 63, 64, 65, 67, 68, 69, 70, 71, 72, 73, 78, 79, 80, 81, 82, 83, 84, 85, 86, 87, 89, 90, 91, 92, 93, 94, 95, 96, 97, 98, 100, 101, 102, 103, 104, 105, 106, 107]
Semantic coverage Partial Correctness R3 [6, 8, 11, 12, 19, 24, 28, 29, 30, 31, 32, 40, 41, 44, 45, 47, 48, 49, 50, 51, 52, 54, 56, 57, 59, 60, 61, 64, 66, 67, 72, 73, 74, 75, 78, 81, 83, 85, 93, 94, 96, 97, 99, 102, 104, 106, 1, 2, 3, 4, 5, 6, 7, 8, 9, 10, 12, 13, 14, 15, 16, 17, 18, 19, 20, 21, 23, 24, 25, 26, 27, 28, 29, 30, 31, 32, 34, 35, 36, 37, 38, 39, 40, 41, 42, 43, 45, 46, 47, 48, 49, 50, 51, 52, 53, 54, 56, 57, 58, 59, 60, 61, 62, 63, 64, 65, 67, 68, 69, 70, 71, 72, 73, 74, 75, 76, 77, 78, 79, 80, 81, 82, 83, 84, 85, 86, 87, 89, 90, 91, 92, 93, 94, 95, 96, 97, 98, 100, 101, 102, 103, 104, 105, 106, 107]
=========================================================
Test 7
Semantic coverage Total Correctness R1 [2, 4, 6, 10, 11, 14, 15, 19, 20, 21, 22, 26, 27, 29, 34, 36, 37, 38, 42, 43, 51, 56, 57, 58, 60, 63, 67, 69, 70, 71, 75, 76, 78, 80, 93, 95, 96, 97, 100, 102, 103, 104, 105, 106, 1, 2, 3, 4, 6, 7, 8, 9, 11, 12, 13, 14, 16, 17, 18, 19, 20, 21, 22, 23, 24, 26, 27, 28, 29, 31, 32, 33, 34, 36, 37, 38, 39, 41, 42, 43, 44, 46, 47, 48, 49, 51, 52, 53, 54, 56, 57, 58, 59, 61, 62, 63, 64, 66, 67, 68, 69, 71, 72, 73, 82, 83, 84, 86, 87, 88, 89, 91, 92, 93, 94, 96, 97, 98, 99, 101, 102, 103, 104, 106, 107]
Semantic coverage Partial Correctness R1 [2, 4, 6, 10, 11, 14, 15, 19, 20, 21, 22, 26, 27, 29, 34, 36, 37, 38, 42, 43, 51, 56, 57, 58, 60, 63, 67, 69, 70, 71, 75, 76, 78, 80, 93, 95, 96, 97, 100, 102, 103, 104, 105, 106, 1, 2, 3, 4, 6, 7, 8, 9, 11, 12, 13, 14, 16, 17, 18, 19, 20, 21, 22, 23, 24, 26, 27, 28, 29, 31, 32, 33, 34, 36, 37, 38, 39, 41, 42, 43, 44, 46, 47, 48, 49, 51, 52, 53, 54, 56, 57, 58, 59, 61, 62, 63, 64, 66, 67, 68, 69, 71, 72, 73, 74, 75, 76, 77, 78, 79, 80, 81, 82, 83, 84, 86, 87, 88, 89, 91, 92, 93, 94, 96, 97, 98, 99, 101, 102, 103, 104, 106, 107]
Semantic coverage Total Correctness R2 [2, 4, 6, 10, 11, 14, 15, 19, 20, 21, 22, 26, 27, 29, 34, 36, 37, 38, 42, 43, 51, 56, 57, 58, 60, 63, 67, 69, 70, 71, 75, 76, 78, 80, 93, 95, 96, 97, 100, 102, 103, 104, 105, 106, 1, 2, 3, 4, 5, 6, 8, 9, 10, 11, 12, 13, 15, 16, 17, 18, 19, 20, 22, 23, 24, 25, 26, 27, 29, 30, 31, 32, 33, 34, 36, 37, 38, 39, 40, 41, 43, 44, 45, 46, 47, 48, 50, 51, 52, 53, 54, 55, 57, 58, 59, 60, 61, 62, 64, 65, 66, 67, 68, 69, 71, 72, 73, 78, 79, 80, 81, 82, 83, 85, 86, 87, 88, 89, 90, 92, 93, 94, 95, 96, 97, 99, 100, 101, 102, 103, 104, 106, 107]
Semantic coverage Partial Correctness R2 [2, 4, 6, 10, 11, 14, 15, 19, 20, 21, 22, 26, 27, 29, 34, 36, 37, 38, 42, 43, 51, 56, 57, 58, 60, 63, 67, 69, 70, 71, 75, 76, 78, 80, 93, 95, 96, 97, 100, 102, 103, 104, 105, 106, 1, 2, 3, 4, 5, 6, 8, 9, 10, 11, 12, 13, 15, 16, 17, 18, 19, 20, 22, 23, 24, 25, 26, 27, 29, 30, 31, 32, 33, 34, 36, 37, 38, 39, 40, 41, 43, 44, 45, 46, 47, 48, 50, 51, 52, 53, 54, 55, 57, 58, 59, 60, 61, 62, 64, 65, 66, 67, 68, 69, 71, 72, 73, 74, 75, 76, 77, 78, 79, 80, 81, 82, 83, 85, 86, 87, 88, 89, 90, 92, 93, 94, 95, 96, 97, 99, 100, 101, 102, 103, 104, 106, 107]
Semantic coverage Total Correctness R3 [2, 4, 6, 10, 11, 14, 15, 19, 20, 21, 22, 26, 27, 29, 34, 36, 37, 38, 42, 43, 51, 56, 57, 58, 60, 63, 67, 69, 70, 71, 75, 76, 78, 80, 93, 95, 96, 97, 100, 102, 103, 104, 105, 106, 1, 2, 3, 4, 5, 6, 7, 8, 9, 10, 12, 13, 14, 15, 16, 17, 18, 19, 20, 21, 23, 24, 25, 26, 27, 28, 29, 30, 31, 32, 34, 35, 36, 37, 38, 39, 40, 41, 42, 43, 45, 46, 47, 48, 49, 50, 51, 52, 53, 54, 56, 57, 58, 59, 60, 61, 62, 63, 64, 65, 67, 68, 69, 70, 71, 72, 73, 78, 79, 80, 81, 82, 83, 84, 85, 86, 87, 89, 90, 91, 92, 93, 94, 95, 96, 97, 98, 100, 101, 102, 103, 104, 105, 106, 107]
Semantic coverage Partial Correctness R3 [2, 4, 6, 10, 11, 14, 15, 19, 20, 21, 22, 26, 27, 29, 34, 36, 37, 38, 42, 43, 51, 56, 57, 58, 60, 63, 67, 69, 70, 71, 75, 76, 78, 80, 93, 95, 96, 97, 100, 102, 103, 104, 105, 106, 1, 2, 3, 4, 5, 6, 7, 8, 9, 10, 12, 13, 14, 15, 16, 17, 18, 19, 20, 21, 23, 24, 25, 26, 27, 28, 29, 30, 31, 32, 34, 35, 36, 37, 38, 39, 40, 41, 42, 43, 45, 46, 47, 48, 49, 50, 51, 52, 53, 54, 56, 57, 58, 59, 60, 61, 62, 63, 64, 65, 67, 68, 69, 70, 71, 72, 73, 74, 75, 76, 77, 78, 79, 80, 81, 82, 83, 84, 85, 86, 87, 89, 90, 91, 92, 93, 94, 95, 96, 97, 98, 100, 101, 102, 103, 104, 105, 106, 107]
=========================================================
Test 8
Semantic coverage Total Correctness R1 [4, 6, 7, 8, 14, 16, 19, 20, 24, 26, 28, 33, 34, 35, 38, 39, 40, 41, 42, 50, 52, 53, 56, 61, 63, 65, 67, 71, 73, 77, 78, 80, 81, 84, 87, 88, 92, 95, 98, 107, 1, 2, 3, 4, 6, 7, 8, 9, 11, 12, 13, 14, 16, 17, 18, 19, 20, 21, 22, 23, 24, 26, 27, 28, 29, 31, 32, 33, 34, 36, 37, 38, 39, 41, 42, 43, 44, 46, 47, 48, 49, 51, 52, 53, 54, 56, 57, 58, 59, 61, 62, 63, 64, 66, 67, 68, 69, 71, 72, 73, 82, 83, 84, 86, 87, 88, 89, 91, 92, 93, 94, 96, 97, 98, 99, 101, 102, 103, 104, 106, 107]
Semantic coverage Partial Correctness R1 [4, 6, 7, 8, 14, 16, 19, 20, 24, 26, 28, 33, 34, 35, 38, 39, 40, 41, 42, 50, 52, 53, 56, 61, 63, 65, 67, 71, 73, 77, 78, 80, 81, 84, 87, 88, 92, 95, 98, 107, 1, 2, 3, 4, 6, 7, 8, 9, 11, 12, 13, 14, 16, 17, 18, 19, 20, 21, 22, 23, 24, 26, 27, 28, 29, 31, 32, 33, 34, 36, 37, 38, 39, 41, 42, 43, 44, 46, 47, 48, 49, 51, 52, 53, 54, 56, 57, 58, 59, 61, 62, 63, 64, 66, 67, 68, 69, 71, 72, 73, 74, 75, 76, 77, 78, 79, 80, 81, 82, 83, 84, 86, 87, 88, 89, 91, 92, 93, 94, 96, 97, 98, 99, 101, 102, 103, 104, 106, 107]
Semantic coverage Total Correctness R2 [4, 6, 7, 8, 14, 16, 19, 20, 24, 26, 28, 33, 34, 35, 38, 39, 40, 41, 42, 50, 52, 53, 56, 61, 63, 65, 67, 71, 73, 77, 78, 80, 81, 84, 87, 88, 92, 95, 98, 107, 1, 2, 3, 4, 5, 6, 8, 9, 10, 11, 12, 13, 15, 16, 17, 18, 19, 20, 22, 23, 24, 25, 26, 27, 29, 30, 31, 32, 33, 34, 36, 37, 38, 39, 40, 41, 43, 44, 45, 46, 47, 48, 50, 51, 52, 53, 54, 55, 57, 58, 59, 60, 61, 62, 64, 65, 66, 67, 68, 69, 71, 72, 73, 78, 79, 80, 81, 82, 83, 85, 86, 87, 88, 89, 90, 92, 93, 94, 95, 96, 97, 99, 100, 101, 102, 103, 104, 106, 107]
Semantic coverage Partial Correctness R2 [4, 6, 7, 8, 14, 16, 19, 20, 24, 26, 28, 33, 34, 35, 38, 39, 40, 41, 42, 50, 52, 53, 56, 61, 63, 65, 67, 71, 73, 77, 78, 80, 81, 84, 87, 88, 92, 95, 98, 107, 1, 2, 3, 4, 5, 6, 8, 9, 10, 11, 12, 13, 15, 16, 17, 18, 19, 20, 22, 23, 24, 25, 26, 27, 29, 30, 31, 32, 33, 34, 36, 37, 38, 39, 40, 41, 43, 44, 45, 46, 47, 48, 50, 51, 52, 53, 54, 55, 57, 58, 59, 60, 61, 62, 64, 65, 66, 67, 68, 69, 71, 72, 73, 74, 75, 76, 77, 78, 79, 80, 81, 82, 83, 85, 86, 87, 88, 89, 90, 92, 93, 94, 95, 96, 97, 99, 100, 101, 102, 103, 104, 106, 107]
Semantic coverage Total Correctness R3 [4, 6, 7, 8, 14, 16, 19, 20, 24, 26, 28, 33, 34, 35, 38, 39, 40, 41, 42, 50, 52, 53, 56, 61, 63, 65, 67, 71, 73, 77, 78, 80, 81, 84, 87, 88, 92, 95, 98, 107, 1, 2, 3, 4, 5, 6, 7, 8, 9, 10, 12, 13, 14, 15, 16, 17, 18, 19, 20, 21, 23, 24, 25, 26, 27, 28, 29, 30, 31, 32, 34, 35, 36, 37, 38, 39, 40, 41, 42, 43, 45, 46, 47, 48, 49, 50, 51, 52, 53, 54, 56, 57, 58, 59, 60, 61, 62, 63, 64, 65, 67, 68, 69, 70, 71, 72, 73, 78, 79, 80, 81, 82, 83, 84, 85, 86, 87, 89, 90, 91, 92, 93, 94, 95, 96, 97, 98, 100, 101, 102, 103, 104, 105, 106, 107]
Semantic coverage Partial Correctness R3 [4, 6, 7, 8, 14, 16, 19, 20, 24, 26, 28, 33, 34, 35, 38, 39, 40, 41, 42, 50, 52, 53, 56, 61, 63, 65, 67, 71, 73, 77, 78, 80, 81, 84, 87, 88, 92, 95, 98, 107, 1, 2, 3, 4, 5, 6, 7, 8, 9, 10, 12, 13, 14, 15, 16, 17, 18, 19, 20, 21, 23, 24, 25, 26, 27, 28, 29, 30, 31, 32, 34, 35, 36, 37, 38, 39, 40, 41, 42, 43, 45, 46, 47, 48, 49, 50, 51, 52, 53, 54, 56, 57, 58, 59, 60, 61, 62, 63, 64, 65, 67, 68, 69, 70, 71, 72, 73, 74, 75, 76, 77, 78, 79, 80, 81, 82, 83, 84, 85, 86, 87, 89, 90, 91, 92, 93, 94, 95, 96, 97, 98, 100, 101, 102, 103, 104, 105, 106, 107]
=========================================================
Test 9
Semantic coverage Total Correctness R1 [3, 5, 7, 8, 9, 11, 13, 14, 17, 18, 20, 22, 23, 28, 29, 30, 31, 32, 39, 42, 43, 47, 49, 50, 52, 54, 55, 57, 58, 65, 66, 67, 68, 70, 71, 72, 77, 79, 83, 85, 88, 89, 91, 92, 93, 94, 98, 99, 100, 101, 105, 106, 107, 1, 2, 3, 4, 6, 7, 8, 9, 11, 12, 13, 14, 16, 17, 18, 19, 20, 21, 22, 23, 24, 26, 27, 28, 29, 31, 32, 33, 34, 36, 37, 38, 39, 41, 42, 43, 44, 46, 47, 48, 49, 51, 52, 53, 54, 56, 57, 58, 59, 61, 62, 63, 64, 66, 67, 68, 69, 71, 72, 73, 82, 83, 84, 86, 87, 88, 89, 91, 92, 93, 94, 96, 97, 98, 99, 101, 102, 103, 104, 106, 107]
Semantic coverage Partial Correctness R1 [3, 5, 7, 8, 9, 11, 13, 14, 17, 18, 20, 22, 23, 28, 29, 30, 31, 32, 39, 42, 43, 47, 49, 50, 52, 54, 55, 57, 58, 65, 66, 67, 68, 70, 71, 72, 77, 79, 83, 85, 88, 89, 91, 92, 93, 94, 98, 99, 100, 101, 105, 106, 107, 1, 2, 3, 4, 6, 7, 8, 9, 11, 12, 13, 14, 16, 17, 18, 19, 20, 21, 22, 23, 24, 26, 27, 28, 29, 31, 32, 33, 34, 36, 37, 38, 39, 41, 42, 43, 44, 46, 47, 48, 49, 51, 52, 53, 54, 56, 57, 58, 59, 61, 62, 63, 64, 66, 67, 68, 69, 71, 72, 73, 74, 75, 76, 77, 78, 79, 80, 81, 82, 83, 84, 86, 87, 88, 89, 91, 92, 93, 94, 96, 97, 98, 99, 101, 102, 103, 104, 106, 107]
Semantic coverage Total Correctness R2 [3, 5, 7, 8, 9, 11, 13, 14, 17, 18, 20, 22, 23, 28, 29, 30, 31, 32, 39, 42, 43, 47, 49, 50, 52, 54, 55, 57, 58, 65, 66, 67, 68, 70, 71, 72, 77, 79, 83, 85, 88, 89, 91, 92, 93, 94, 98, 99, 100, 101, 105, 106, 107, 1, 2, 3, 4, 5, 6, 8, 9, 10, 11, 12, 13, 15, 16, 17, 18, 19, 20, 22, 23, 24, 25, 26, 27, 29, 30, 31, 32, 33, 34, 36, 37, 38, 39, 40, 41, 43, 44, 45, 46, 47, 48, 50, 51, 52, 53, 54, 55, 57, 58, 59, 60, 61, 62, 64, 65, 66, 67, 68, 69, 71, 72, 73, 78, 79, 80, 81, 82, 83, 85, 86, 87, 88, 89, 90, 92, 93, 94, 95, 96, 97, 99, 100, 101, 102, 103, 104, 106, 107]
Semantic coverage Partial Correctness R2 [3, 5, 7, 8, 9, 11, 13, 14, 17, 18, 20, 22, 23, 28, 29, 30, 31, 32, 39, 42, 43, 47, 49, 50, 52, 54, 55, 57, 58, 65, 66, 67, 68, 70, 71, 72, 77, 79, 83, 85, 88, 89, 91, 92, 93, 94, 98, 99, 100, 101, 105, 106, 107, 1, 2, 3, 4, 5, 6, 8, 9, 10, 11, 12, 13, 15, 16, 17, 18, 19, 20, 22, 23, 24, 25, 26, 27, 29, 30, 31, 32, 33, 34, 36, 37, 38, 39, 40, 41, 43, 44, 45, 46, 47, 48, 50, 51, 52, 53, 54, 55, 57, 58, 59, 60, 61, 62, 64, 65, 66, 67, 68, 69, 71, 72, 73, 74, 75, 76, 77, 78, 79, 80, 81, 82, 83, 85, 86, 87, 88, 89, 90, 92, 93, 94, 95, 96, 97, 99, 100, 101, 102, 103, 104, 106, 107]
Semantic coverage Total Correctness R3 [3, 5, 7, 8, 9, 11, 13, 14, 17, 18, 20, 22, 23, 28, 29, 30, 31, 32, 39, 42, 43, 47, 49, 50, 52, 54, 55, 57, 58, 65, 66, 67, 68, 70, 71, 72, 77, 79, 83, 85, 88, 89, 91, 92, 93, 94, 98, 99, 100, 101, 105, 106, 107, 1, 2, 3, 4, 5, 6, 7, 8, 9, 10, 12, 13, 14, 15, 16, 17, 18, 19, 20, 21, 23, 24, 25, 26, 27, 28, 29, 30, 31, 32, 34, 35, 36, 37, 38, 39, 40, 41, 42, 43, 45, 46, 47, 48, 49, 50, 51, 52, 53, 54, 56, 57, 58, 59, 60, 61, 62, 63, 64, 65, 67, 68, 69, 70, 71, 72, 73, 78, 79, 80, 81, 82, 83, 84, 85, 86, 87, 89, 90, 91, 92, 93, 94, 95, 96, 97, 98, 100, 101, 102, 103, 104, 105, 106, 107]
Semantic coverage Partial Correctness R3 [3, 5, 7, 8, 9, 11, 13, 14, 17, 18, 20, 22, 23, 28, 29, 30, 31, 32, 39, 42, 43, 47, 49, 50, 52, 54, 55, 57, 58, 65, 66, 67, 68, 70, 71, 72, 77, 79, 83, 85, 88, 89, 91, 92, 93, 94, 98, 99, 100, 101, 105, 106, 107, 1, 2, 3, 4, 5, 6, 7, 8, 9, 10, 12, 13, 14, 15, 16, 17, 18, 19, 20, 21, 23, 24, 25, 26, 27, 28, 29, 30, 31, 32, 34, 35, 36, 37, 38, 39, 40, 41, 42, 43, 45, 46, 47, 48, 49, 50, 51, 52, 53, 54, 56, 57, 58, 59, 60, 61, 62, 63, 64, 65, 67, 68, 69, 70, 71, 72, 73, 74, 75, 76, 77, 78, 79, 80, 81, 82, 83, 84, 85, 86, 87, 89, 90, 91, 92, 93, 94, 95, 96, 97, 98, 100, 101, 102, 103, 104, 105, 106, 107]
=========================================================
Test 10
Semantic coverage Total Correctness R1 [1, 6, 7, 11, 16, 17, 20, 23, 24, 29, 31, 33, 34, 35, 38, 41, 43, 45, 47, 48, 51, 55, 57, 60, 62, 64, 65, 66, 67, 71, 73, 75, 76, 77, 79, 81, 83, 84, 85, 87, 88, 89, 93, 94, 96, 99, 102, 103, 105, 1, 2, 3, 4, 6, 7, 8, 9, 11, 12, 13, 14, 16, 17, 18, 19, 20, 21, 22, 23, 24, 26, 27, 28, 29, 31, 32, 33, 34, 36, 37, 38, 39, 41, 42, 43, 44, 46, 47, 48, 49, 51, 52, 53, 54, 56, 57, 58, 59, 61, 62, 63, 64, 66, 67, 68, 69, 71, 72, 73, 82, 83, 84, 86, 87, 88, 89, 91, 92, 93, 94, 96, 97, 98, 99, 101, 102, 103, 104, 106, 107]
Semantic coverage Partial Correctness R1 [1, 6, 7, 11, 16, 17, 20, 23, 24, 29, 31, 33, 34, 35, 38, 41, 43, 45, 47, 48, 51, 55, 57, 60, 62, 64, 65, 66, 67, 71, 73, 75, 76, 77, 79, 81, 83, 84, 85, 87, 88, 89, 93, 94, 96, 99, 102, 103, 105, 1, 2, 3, 4, 6, 7, 8, 9, 11, 12, 13, 14, 16, 17, 18, 19, 20, 21, 22, 23, 24, 26, 27, 28, 29, 31, 32, 33, 34, 36, 37, 38, 39, 41, 42, 43, 44, 46, 47, 48, 49, 51, 52, 53, 54, 56, 57, 58, 59, 61, 62, 63, 64, 66, 67, 68, 69, 71, 72, 73, 74, 75, 76, 77, 78, 79, 80, 81, 82, 83, 84, 86, 87, 88, 89, 91, 92, 93, 94, 96, 97, 98, 99, 101, 102, 103, 104, 106, 107]
Semantic coverage Total Correctness R2 [1, 6, 7, 11, 16, 17, 20, 23, 24, 29, 31, 33, 34, 35, 38, 41, 43, 45, 47, 48, 51, 55, 57, 60, 62, 64, 65, 66, 67, 71, 73, 75, 76, 77, 79, 81, 83, 84, 85, 87, 88, 89, 93, 94, 96, 99, 102, 103, 105, 1, 2, 3, 4, 5, 6, 8, 9, 10, 11, 12, 13, 15, 16, 17, 18, 19, 20, 22, 23, 24, 25, 26, 27, 29, 30, 31, 32, 33, 34, 36, 37, 38, 39, 40, 41, 43, 44, 45, 46, 47, 48, 50, 51, 52, 53, 54, 55, 57, 58, 59, 60, 61, 62, 64, 65, 66, 67, 68, 69, 71, 72, 73, 78, 79, 80, 81, 82, 83, 85, 86, 87, 88, 89, 90, 92, 93, 94, 95, 96, 97, 99, 100, 101, 102, 103, 104, 106, 107]
Semantic coverage Partial Correctness R2 [1, 6, 7, 11, 16, 17, 20, 23, 24, 29, 31, 33, 34, 35, 38, 41, 43, 45, 47, 48, 51, 55, 57, 60, 62, 64, 65, 66, 67, 71, 73, 75, 76, 77, 79, 81, 83, 84, 85, 87, 88, 89, 93, 94, 96, 99, 102, 103, 105, 1, 2, 3, 4, 5, 6, 8, 9, 10, 11, 12, 13, 15, 16, 17, 18, 19, 20, 22, 23, 24, 25, 26, 27, 29, 30, 31, 32, 33, 34, 36, 37, 38, 39, 40, 41, 43, 44, 45, 46, 47, 48, 50, 51, 52, 53, 54, 55, 57, 58, 59, 60, 61, 62, 64, 65, 66, 67, 68, 69, 71, 72, 73, 74, 75, 76, 77, 78, 79, 80, 81, 82, 83, 85, 86, 87, 88, 89, 90, 92, 93, 94, 95, 96, 97, 99, 100, 101, 102, 103, 104, 106, 107]
Semantic coverage Total Correctness R3 [1, 6, 7, 11, 16, 17, 20, 23, 24, 29, 31, 33, 34, 35, 38, 41, 43, 45, 47, 48, 51, 55, 57, 60, 62, 64, 65, 66, 67, 71, 73, 75, 76, 77, 79, 81, 83, 84, 85, 87, 88, 89, 93, 94, 96, 99, 102, 103, 105, 1, 2, 3, 4, 5, 6, 7, 8, 9, 10, 12, 13, 14, 15, 16, 17, 18, 19, 20, 21, 23, 24, 25, 26, 27, 28, 29, 30, 31, 32, 34, 35, 36, 37, 38, 39, 40, 41, 42, 43, 45, 46, 47, 48, 49, 50, 51, 52, 53, 54, 56, 57, 58, 59, 60, 61, 62, 63, 64, 65, 67, 68, 69, 70, 71, 72, 73, 78, 79, 80, 81, 82, 83, 84, 85, 86, 87, 89, 90, 91, 92, 93, 94, 95, 96, 97, 98, 100, 101, 102, 103, 104, 105, 106, 107]
Semantic coverage Partial Correctness R3 [1, 6, 7, 11, 16, 17, 20, 23, 24, 29, 31, 33, 34, 35, 38, 41, 43, 45, 47, 48, 51, 55, 57, 60, 62, 64, 65, 66, 67, 71, 73, 75, 76, 77, 79, 81, 83, 84, 85, 87, 88, 89, 93, 94, 96, 99, 102, 103, 105, 1, 2, 3, 4, 5, 6, 7, 8, 9, 10, 12, 13, 14, 15, 16, 17, 18, 19, 20, 21, 23, 24, 25, 26, 27, 28, 29, 30, 31, 32, 34, 35, 36, 37, 38, 39, 40, 41, 42, 43, 45, 46, 47, 48, 49, 50, 51, 52, 53, 54, 56, 57, 58, 59, 60, 61, 62, 63, 64, 65, 67, 68, 69, 70, 71, 72, 73, 74, 75, 76, 77, 78, 79, 80, 81, 82, 83, 84, 85, 86, 87, 89, 90, 91, 92, 93, 94, 95, 96, 97, 98, 100, 101, 102, 103, 104, 105, 106, 107]
=========================================================
Test 11
Semantic coverage Total Correctness R1 [1, 2, 3, 5, 7, 8, 10, 12, 13, 14, 16, 17, 19, 20, 23, 25, 28, 29, 30, 31, 33, 34, 35, 39, 42, 43, 46, 47, 48, 50, 52, 53, 54, 55, 56, 57, 58, 59, 60, 61, 64, 67, 68, 69, 70, 71, 76, 77, 78, 80, 82, 84, 86, 87, 88, 89, 90, 91, 93, 99, 100, 101, 104, 106, 107, 1, 2, 3, 4, 6, 7, 8, 9, 11, 12, 13, 14, 16, 17, 18, 19, 20, 21, 22, 23, 24, 26, 27, 28, 29, 31, 32, 33, 34, 36, 37, 38, 39, 41, 42, 43, 44, 46, 47, 48, 49, 51, 52, 53, 54, 56, 57, 58, 59, 61, 62, 63, 64, 66, 67, 68, 69, 71, 72, 73, 82, 83, 84, 86, 87, 88, 89, 91, 92, 93, 94, 96, 97, 98, 99, 101, 102, 103, 104, 106, 107]
Semantic coverage Partial Correctness R1 [1, 2, 3, 5, 7, 8, 10, 12, 13, 14, 16, 17, 19, 20, 23, 25, 28, 29, 30, 31, 33, 34, 35, 39, 42, 43, 46, 47, 48, 50, 52, 53, 54, 55, 56, 57, 58, 59, 60, 61, 64, 67, 68, 69, 70, 71, 76, 77, 78, 80, 82, 84, 86, 87, 88, 89, 90, 91, 93, 99, 100, 101, 104, 106, 107, 1, 2, 3, 4, 6, 7, 8, 9, 11, 12, 13, 14, 16, 17, 18, 19, 20, 21, 22, 23, 24, 26, 27, 28, 29, 31, 32, 33, 34, 36, 37, 38, 39, 41, 42, 43, 44, 46, 47, 48, 49, 51, 52, 53, 54, 56, 57, 58, 59, 61, 62, 63, 64, 66, 67, 68, 69, 71, 72, 73, 74, 75, 76, 77, 78, 79, 80, 81, 82, 83, 84, 86, 87, 88, 89, 91, 92, 93, 94, 96, 97, 98, 99, 101, 102, 103, 104, 106, 107]
Semantic coverage Total Correctness R2 [1, 2, 3, 5, 7, 8, 10, 12, 13, 14, 16, 17, 19, 20, 23, 25, 28, 29, 30, 31, 33, 34, 35, 39, 42, 43, 46, 47, 48, 50, 52, 53, 54, 55, 56, 57, 58, 59, 60, 61, 64, 67, 68, 69, 70, 71, 76, 77, 78, 80, 82, 84, 86, 87, 88, 89, 90, 91, 93, 99, 100, 101, 104, 106, 107, 1, 2, 3, 4, 5, 6, 8, 9, 10, 11, 12, 13, 15, 16, 17, 18, 19, 20, 22, 23, 24, 25, 26, 27, 29, 30, 31, 32, 33, 34, 36, 37, 38, 39, 40, 41, 43, 44, 45, 46, 47, 48, 50, 51, 52, 53, 54, 55, 57, 58, 59, 60, 61, 62, 64, 65, 66, 67, 68, 69, 71, 72, 73, 78, 79, 80, 81, 82, 83, 85, 86, 87, 88, 89, 90, 92, 93, 94, 95, 96, 97, 99, 100, 101, 102, 103, 104, 106, 107]
Semantic coverage Partial Correctness R2 [1, 2, 3, 5, 7, 8, 10, 12, 13, 14, 16, 17, 19, 20, 23, 25, 28, 29, 30, 31, 33, 34, 35, 39, 42, 43, 46, 47, 48, 50, 52, 53, 54, 55, 56, 57, 58, 59, 60, 61, 64, 67, 68, 69, 70, 71, 76, 77, 78, 80, 82, 84, 86, 87, 88, 89, 90, 91, 93, 99, 100, 101, 104, 106, 107, 1, 2, 3, 4, 5, 6, 8, 9, 10, 11, 12, 13, 15, 16, 17, 18, 19, 20, 22, 23, 24, 25, 26, 27, 29, 30, 31, 32, 33, 34, 36, 37, 38, 39, 40, 41, 43, 44, 45, 46, 47, 48, 50, 51, 52, 53, 54, 55, 57, 58, 59, 60, 61, 62, 64, 65, 66, 67, 68, 69, 71, 72, 73, 74, 75, 76, 77, 78, 79, 80, 81, 82, 83, 85, 86, 87, 88, 89, 90, 92, 93, 94, 95, 96, 97, 99, 100, 101, 102, 103, 104, 106, 107]
Semantic coverage Total Correctness R3 [1, 2, 3, 5, 7, 8, 10, 12, 13, 14, 16, 17, 19, 20, 23, 25, 28, 29, 30, 31, 33, 34, 35, 39, 42, 43, 46, 47, 48, 50, 52, 53, 54, 55, 56, 57, 58, 59, 60, 61, 64, 67, 68, 69, 70, 71, 76, 77, 78, 80, 82, 84, 86, 87, 88, 89, 90, 91, 93, 99, 100, 101, 104, 106, 107, 1, 2, 3, 4, 5, 6, 7, 8, 9, 10, 12, 13, 14, 15, 16, 17, 18, 19, 20, 21, 23, 24, 25, 26, 27, 28, 29, 30, 31, 32, 34, 35, 36, 37, 38, 39, 40, 41, 42, 43, 45, 46, 47, 48, 49, 50, 51, 52, 53, 54, 56, 57, 58, 59, 60, 61, 62, 63, 64, 65, 67, 68, 69, 70, 71, 72, 73, 78, 79, 80, 81, 82, 83, 84, 85, 86, 87, 89, 90, 91, 92, 93, 94, 95, 96, 97, 98, 100, 101, 102, 103, 104, 105, 106, 107]
Semantic coverage Partial Correctness R3 [1, 2, 3, 5, 7, 8, 10, 12, 13, 14, 16, 17, 19, 20, 23, 25, 28, 29, 30, 31, 33, 34, 35, 39, 42, 43, 46, 47, 48, 50, 52, 53, 54, 55, 56, 57, 58, 59, 60, 61, 64, 67, 68, 69, 70, 71, 76, 77, 78, 80, 82, 84, 86, 87, 88, 89, 90, 91, 93, 99, 100, 101, 104, 106, 107, 1, 2, 3, 4, 5, 6, 7, 8, 9, 10, 12, 13, 14, 15, 16, 17, 18, 19, 20, 21, 23, 24, 25, 26, 27, 28, 29, 30, 31, 32, 34, 35, 36, 37, 38, 39, 40, 41, 42, 43, 45, 46, 47, 48, 49, 50, 51, 52, 53, 54, 56, 57, 58, 59, 60, 61, 62, 63, 64, 65, 67, 68, 69, 70, 71, 72, 73, 74, 75, 76, 77, 78, 79, 80, 81, 82, 83, 84, 85, 86, 87, 89, 90, 91, 92, 93, 94, 95, 96, 97, 98, 100, 101, 102, 103, 104, 105, 106, 107]
=========================================================
Test 12
Semantic coverage Total Correctness R1 [2, 3, 5, 7, 8, 10, 11, 14, 16, 17, 18, 19, 20, 21, 22, 25, 27, 34, 36, 37, 40, 41, 43, 45, 46, 47, 48, 51, 52, 53, 54, 55, 60, 64, 65, 68, 69, 71, 72, 73, 78, 80, 83, 84, 85, 87, 89, 90, 91, 94, 97, 99, 102, 103, 104, 105, 1, 2, 3, 4, 6, 7, 8, 9, 11, 12, 13, 14, 16, 17, 18, 19, 20, 21, 22, 23, 24, 26, 27, 28, 29, 31, 32, 33, 34, 36, 37, 38, 39, 41, 42, 43, 44, 46, 47, 48, 49, 51, 52, 53, 54, 56, 57, 58, 59, 61, 62, 63, 64, 66, 67, 68, 69, 71, 72, 73, 82, 83, 84, 86, 87, 88, 89, 91, 92, 93, 94, 96, 97, 98, 99, 101, 102, 103, 104, 106, 107]
Semantic coverage Partial Correctness R1 [2, 3, 5, 7, 8, 10, 11, 14, 16, 17, 18, 19, 20, 21, 22, 25, 27, 34, 36, 37, 40, 41, 43, 45, 46, 47, 48, 51, 52, 53, 54, 55, 60, 64, 65, 68, 69, 71, 72, 73, 78, 80, 83, 84, 85, 87, 89, 90, 91, 94, 97, 99, 102, 103, 104, 105, 1, 2, 3, 4, 6, 7, 8, 9, 11, 12, 13, 14, 16, 17, 18, 19, 20, 21, 22, 23, 24, 26, 27, 28, 29, 31, 32, 33, 34, 36, 37, 38, 39, 41, 42, 43, 44, 46, 47, 48, 49, 51, 52, 53, 54, 56, 57, 58, 59, 61, 62, 63, 64, 66, 67, 68, 69, 71, 72, 73, 74, 75, 76, 77, 78, 79, 80, 81, 82, 83, 84, 86, 87, 88, 89, 91, 92, 93, 94, 96, 97, 98, 99, 101, 102, 103, 104, 106, 107]
Semantic coverage Total Correctness R2 [2, 3, 5, 7, 8, 10, 11, 14, 16, 17, 18, 19, 20, 21, 22, 25, 27, 34, 36, 37, 40, 41, 43, 45, 46, 47, 48, 51, 52, 53, 54, 55, 60, 64, 65, 68, 69, 71, 72, 73, 78, 80, 83, 84, 85, 87, 89, 90, 91, 94, 97, 99, 102, 103, 104, 105, 1, 2, 3, 4, 5, 6, 8, 9, 10, 11, 12, 13, 15, 16, 17, 18, 19, 20, 22, 23, 24, 25, 26, 27, 29, 30, 31, 32, 33, 34, 36, 37, 38, 39, 40, 41, 43, 44, 45, 46, 47, 48, 50, 51, 52, 53, 54, 55, 57, 58, 59, 60, 61, 62, 64, 65, 66, 67, 68, 69, 71, 72, 73, 78, 79, 80, 81, 82, 83, 85, 86, 87, 88, 89, 90, 92, 93, 94, 95, 96, 97, 99, 100, 101, 102, 103, 104, 106, 107]
Semantic coverage Partial Correctness R2 [2, 3, 5, 7, 8, 10, 11, 14, 16, 17, 18, 19, 20, 21, 22, 25, 27, 34, 36, 37, 40, 41, 43, 45, 46, 47, 48, 51, 52, 53, 54, 55, 60, 64, 65, 68, 69, 71, 72, 73, 78, 80, 83, 84, 85, 87, 89, 90, 91, 94, 97, 99, 102, 103, 104, 105, 1, 2, 3, 4, 5, 6, 8, 9, 10, 11, 12, 13, 15, 16, 17, 18, 19, 20, 22, 23, 24, 25, 26, 27, 29, 30, 31, 32, 33, 34, 36, 37, 38, 39, 40, 41, 43, 44, 45, 46, 47, 48, 50, 51, 52, 53, 54, 55, 57, 58, 59, 60, 61, 62, 64, 65, 66, 67, 68, 69, 71, 72, 73, 74, 75, 76, 77, 78, 79, 80, 81, 82, 83, 85, 86, 87, 88, 89, 90, 92, 93, 94, 95, 96, 97, 99, 100, 101, 102, 103, 104, 106, 107]
Semantic coverage Total Correctness R3 [2, 3, 5, 7, 8, 10, 11, 14, 16, 17, 18, 19, 20, 21, 22, 25, 27, 34, 36, 37, 40, 41, 43, 45, 46, 47, 48, 51, 52, 53, 54, 55, 60, 64, 65, 68, 69, 71, 72, 73, 78, 80, 83, 84, 85, 87, 89, 90, 91, 94, 97, 99, 102, 103, 104, 105, 1, 2, 3, 4, 5, 6, 7, 8, 9, 10, 12, 13, 14, 15, 16, 17, 18, 19, 20, 21, 23, 24, 25, 26, 27, 28, 29, 30, 31, 32, 34, 35, 36, 37, 38, 39, 40, 41, 42, 43, 45, 46, 47, 48, 49, 50, 51, 52, 53, 54, 56, 57, 58, 59, 60, 61, 62, 63, 64, 65, 67, 68, 69, 70, 71, 72, 73, 78, 79, 80, 81, 82, 83, 84, 85, 86, 87, 89, 90, 91, 92, 93, 94, 95, 96, 97, 98, 100, 101, 102, 103, 104, 105, 106, 107]
Semantic coverage Partial Correctness R3 [2, 3, 5, 7, 8, 10, 11, 14, 16, 17, 18, 19, 20, 21, 22, 25, 27, 34, 36, 37, 40, 41, 43, 45, 46, 47, 48, 51, 52, 53, 54, 55, 60, 64, 65, 68, 69, 71, 72, 73, 78, 80, 83, 84, 85, 87, 89, 90, 91, 94, 97, 99, 102, 103, 104, 105, 1, 2, 3, 4, 5, 6, 7, 8, 9, 10, 12, 13, 14, 15, 16, 17, 18, 19, 20, 21, 23, 24, 25, 26, 27, 28, 29, 30, 31, 32, 34, 35, 36, 37, 38, 39, 40, 41, 42, 43, 45, 46, 47, 48, 49, 50, 51, 52, 53, 54, 56, 57, 58, 59, 60, 61, 62, 63, 64, 65, 67, 68, 69, 70, 71, 72, 73, 74, 75, 76, 77, 78, 79, 80, 81, 82, 83, 84, 85, 86, 87, 89, 90, 91, 92, 93, 94, 95, 96, 97, 98, 100, 101, 102, 103, 104, 105, 106, 107]
=========================================================
Test 13
Semantic coverage Total Correctness R1 [1, 2, 3, 4, 10, 11, 12, 14, 16, 18, 19, 20, 21, 27, 28, 29, 31, 32, 33, 36, 37, 39, 40, 41, 42, 43, 44, 45, 47, 49, 50, 51, 52, 54, 56, 58, 61, 62, 64, 67, 68, 69, 70, 71, 72, 75, 76, 77, 78, 79, 81, 82, 83, 84, 86, 91, 92, 93, 94, 95, 96, 97, 100, 101, 103, 105, 107, 1, 2, 3, 4, 6, 7, 8, 9, 11, 12, 13, 14, 16, 17, 18, 19, 20, 21, 22, 23, 24, 26, 27, 28, 29, 31, 32, 33, 34, 36, 37, 38, 39, 41, 42, 43, 44, 46, 47, 48, 49, 51, 52, 53, 54, 56, 57, 58, 59, 61, 62, 63, 64, 66, 67, 68, 69, 71, 72, 73, 82, 83, 84, 86, 87, 88, 89, 91, 92, 93, 94, 96, 97, 98, 99, 101, 102, 103, 104, 106, 107]
Semantic coverage Partial Correctness R1 [1, 2, 3, 4, 10, 11, 12, 14, 16, 18, 19, 20, 21, 27, 28, 29, 31, 32, 33, 36, 37, 39, 40, 41, 42, 43, 44, 45, 47, 49, 50, 51, 52, 54, 56, 58, 61, 62, 64, 67, 68, 69, 70, 71, 72, 75, 76, 77, 78, 79, 81, 82, 83, 84, 86, 91, 92, 93, 94, 95, 96, 97, 100, 101, 103, 105, 107, 1, 2, 3, 4, 6, 7, 8, 9, 11, 12, 13, 14, 16, 17, 18, 19, 20, 21, 22, 23, 24, 26, 27, 28, 29, 31, 32, 33, 34, 36, 37, 38, 39, 41, 42, 43, 44, 46, 47, 48, 49, 51, 52, 53, 54, 56, 57, 58, 59, 61, 62, 63, 64, 66, 67, 68, 69, 71, 72, 73, 74, 75, 76, 77, 78, 79, 80, 81, 82, 83, 84, 86, 87, 88, 89, 91, 92, 93, 94, 96, 97, 98, 99, 101, 102, 103, 104, 106, 107]
Semantic coverage Total Correctness R2 [1, 2, 3, 4, 10, 11, 12, 14, 16, 18, 19, 20, 21, 27, 28, 29, 31, 32, 33, 36, 37, 39, 40, 41, 42, 43, 44, 45, 47, 49, 50, 51, 52, 54, 56, 58, 61, 62, 64, 67, 68, 69, 70, 71, 72, 75, 76, 77, 78, 79, 81, 82, 83, 84, 86, 91, 92, 93, 94, 95, 96, 97, 100, 101, 103, 105, 107, 1, 2, 3, 4, 5, 6, 8, 9, 10, 11, 12, 13, 15, 16, 17, 18, 19, 20, 22, 23, 24, 25, 26, 27, 29, 30, 31, 32, 33, 34, 36, 37, 38, 39, 40, 41, 43, 44, 45, 46, 47, 48, 50, 51, 52, 53, 54, 55, 57, 58, 59, 60, 61, 62, 64, 65, 66, 67, 68, 69, 71, 72, 73, 78, 79, 80, 81, 82, 83, 85, 86, 87, 88, 89, 90, 92, 93, 94, 95, 96, 97, 99, 100, 101, 102, 103, 104, 106, 107]
Semantic coverage Partial Correctness R2 [1, 2, 3, 4, 10, 11, 12, 14, 16, 18, 19, 20, 21, 27, 28, 29, 31, 32, 33, 36, 37, 39, 40, 41, 42, 43, 44, 45, 47, 49, 50, 51, 52, 54, 56, 58, 61, 62, 64, 67, 68, 69, 70, 71, 72, 75, 76, 77, 78, 79, 81, 82, 83, 84, 86, 91, 92, 93, 94, 95, 96, 97, 100, 101, 103, 105, 107, 1, 2, 3, 4, 5, 6, 8, 9, 10, 11, 12, 13, 15, 16, 17, 18, 19, 20, 22, 23, 24, 25, 26, 27, 29, 30, 31, 32, 33, 34, 36, 37, 38, 39, 40, 41, 43, 44, 45, 46, 47, 48, 50, 51, 52, 53, 54, 55, 57, 58, 59, 60, 61, 62, 64, 65, 66, 67, 68, 69, 71, 72, 73, 74, 75, 76, 77, 78, 79, 80, 81, 82, 83, 85, 86, 87, 88, 89, 90, 92, 93, 94, 95, 96, 97, 99, 100, 101, 102, 103, 104, 106, 107]
Semantic coverage Total Correctness R3 [1, 2, 3, 4, 10, 11, 12, 14, 16, 18, 19, 20, 21, 27, 28, 29, 31, 32, 33, 36, 37, 39, 40, 41, 42, 43, 44, 45, 47, 49, 50, 51, 52, 54, 56, 58, 61, 62, 64, 67, 68, 69, 70, 71, 72, 75, 76, 77, 78, 79, 81, 82, 83, 84, 86, 91, 92, 93, 94, 95, 96, 97, 100, 101, 103, 105, 107, 1, 2, 3, 4, 5, 6, 7, 8, 9, 10, 12, 13, 14, 15, 16, 17, 18, 19, 20, 21, 23, 24, 25, 26, 27, 28, 29, 30, 31, 32, 34, 35, 36, 37, 38, 39, 40, 41, 42, 43, 45, 46, 47, 48, 49, 50, 51, 52, 53, 54, 56, 57, 58, 59, 60, 61, 62, 63, 64, 65, 67, 68, 69, 70, 71, 72, 73, 78, 79, 80, 81, 82, 83, 84, 85, 86, 87, 89, 90, 91, 92, 93, 94, 95, 96, 97, 98, 100, 101, 102, 103, 104, 105, 106, 107]
Semantic coverage Partial Correctness R3 [1, 2, 3, 4, 10, 11, 12, 14, 16, 18, 19, 20, 21, 27, 28, 29, 31, 32, 33, 36, 37, 39, 40, 41, 42, 43, 44, 45, 47, 49, 50, 51, 52, 54, 56, 58, 61, 62, 64, 67, 68, 69, 70, 71, 72, 75, 76, 77, 78, 79, 81, 82, 83, 84, 86, 91, 92, 93, 94, 95, 96, 97, 100, 101, 103, 105, 107, 1, 2, 3, 4, 5, 6, 7, 8, 9, 10, 12, 13, 14, 15, 16, 17, 18, 19, 20, 21, 23, 24, 25, 26, 27, 28, 29, 30, 31, 32, 34, 35, 36, 37, 38, 39, 40, 41, 42, 43, 45, 46, 47, 48, 49, 50, 51, 52, 53, 54, 56, 57, 58, 59, 60, 61, 62, 63, 64, 65, 67, 68, 69, 70, 71, 72, 73, 74, 75, 76, 77, 78, 79, 80, 81, 82, 83, 84, 85, 86, 87, 89, 90, 91, 92, 93, 94, 95, 96, 97, 98, 100, 101, 102, 103, 104, 105, 106, 107]
=========================================================
Test 14
Semantic coverage Total Correctness R1 [1, 3, 4, 5, 7, 8, 10, 11, 12, 14, 16, 18, 19, 20, 22, 23, 24, 25, 27, 28, 29, 30, 31, 32, 33, 34, 35, 36, 41, 42, 43, 44, 47, 49, 50, 51, 52, 53, 56, 58, 59, 61, 63, 65, 66, 67, 69, 70, 72, 73, 75, 77, 78, 84, 85, 86, 88, 89, 90, 94, 95, 96, 97, 98, 100, 103, 105, 106, 107, 1, 2, 3, 4, 6, 7, 8, 9, 11, 12, 13, 14, 16, 17, 18, 19, 20, 21, 22, 23, 24, 26, 27, 28, 29, 31, 32, 33, 34, 36, 37, 38, 39, 41, 42, 43, 44, 46, 47, 48, 49, 51, 52, 53, 54, 56, 57, 58, 59, 61, 62, 63, 64, 66, 67, 68, 69, 71, 72, 73, 82, 83, 84, 86, 87, 88, 89, 91, 92, 93, 94, 96, 97, 98, 99, 101, 102, 103, 104, 106, 107]
Semantic coverage Partial Correctness R1 [1, 3, 4, 5, 7, 8, 10, 11, 12, 14, 16, 18, 19, 20, 22, 23, 24, 25, 27, 28, 29, 30, 31, 32, 33, 34, 35, 36, 41, 42, 43, 44, 47, 49, 50, 51, 52, 53, 56, 58, 59, 61, 63, 65, 66, 67, 69, 70, 72, 73, 75, 77, 78, 84, 85, 86, 88, 89, 90, 94, 95, 96, 97, 98, 100, 103, 105, 106, 107, 1, 2, 3, 4, 6, 7, 8, 9, 11, 12, 13, 14, 16, 17, 18, 19, 20, 21, 22, 23, 24, 26, 27, 28, 29, 31, 32, 33, 34, 36, 37, 38, 39, 41, 42, 43, 44, 46, 47, 48, 49, 51, 52, 53, 54, 56, 57, 58, 59, 61, 62, 63, 64, 66, 67, 68, 69, 71, 72, 73, 74, 75, 76, 77, 78, 79, 80, 81, 82, 83, 84, 86, 87, 88, 89, 91, 92, 93, 94, 96, 97, 98, 99, 101, 102, 103, 104, 106, 107]
Semantic coverage Total Correctness R2 [1, 3, 4, 5, 7, 8, 10, 11, 12, 14, 16, 18, 19, 20, 22, 23, 24, 25, 27, 28, 29, 30, 31, 32, 33, 34, 35, 36, 41, 42, 43, 44, 47, 49, 50, 51, 52, 53, 56, 58, 59, 61, 63, 65, 66, 67, 69, 70, 72, 73, 75, 77, 78, 84, 85, 86, 88, 89, 90, 94, 95, 96, 97, 98, 100, 103, 105, 106, 107, 1, 2, 3, 4, 5, 6, 8, 9, 10, 11, 12, 13, 15, 16, 17, 18, 19, 20, 22, 23, 24, 25, 26, 27, 29, 30, 31, 32, 33, 34, 36, 37, 38, 39, 40, 41, 43, 44, 45, 46, 47, 48, 50, 51, 52, 53, 54, 55, 57, 58, 59, 60, 61, 62, 64, 65, 66, 67, 68, 69, 71, 72, 73, 78, 79, 80, 81, 82, 83, 85, 86, 87, 88, 89, 90, 92, 93, 94, 95, 96, 97, 99, 100, 101, 102, 103, 104, 106, 107]
Semantic coverage Partial Correctness R2 [1, 3, 4, 5, 7, 8, 10, 11, 12, 14, 16, 18, 19, 20, 22, 23, 24, 25, 27, 28, 29, 30, 31, 32, 33, 34, 35, 36, 41, 42, 43, 44, 47, 49, 50, 51, 52, 53, 56, 58, 59, 61, 63, 65, 66, 67, 69, 70, 72, 73, 75, 77, 78, 84, 85, 86, 88, 89, 90, 94, 95, 96, 97, 98, 100, 103, 105, 106, 107, 1, 2, 3, 4, 5, 6, 8, 9, 10, 11, 12, 13, 15, 16, 17, 18, 19, 20, 22, 23, 24, 25, 26, 27, 29, 30, 31, 32, 33, 34, 36, 37, 38, 39, 40, 41, 43, 44, 45, 46, 47, 48, 50, 51, 52, 53, 54, 55, 57, 58, 59, 60, 61, 62, 64, 65, 66, 67, 68, 69, 71, 72, 73, 74, 75, 76, 77, 78, 79, 80, 81, 82, 83, 85, 86, 87, 88, 89, 90, 92, 93, 94, 95, 96, 97, 99, 100, 101, 102, 103, 104, 106, 107]
Semantic coverage Total Correctness R3 [1, 3, 4, 5, 7, 8, 10, 11, 12, 14, 16, 18, 19, 20, 22, 23, 24, 25, 27, 28, 29, 30, 31, 32, 33, 34, 35, 36, 41, 42, 43, 44, 47, 49, 50, 51, 52, 53, 56, 58, 59, 61, 63, 65, 66, 67, 69, 70, 72, 73, 75, 77, 78, 84, 85, 86, 88, 89, 90, 94, 95, 96, 97, 98, 100, 103, 105, 106, 107, 1, 2, 3, 4, 5, 6, 7, 8, 9, 10, 12, 13, 14, 15, 16, 17, 18, 19, 20, 21, 23, 24, 25, 26, 27, 28, 29, 30, 31, 32, 34, 35, 36, 37, 38, 39, 40, 41, 42, 43, 45, 46, 47, 48, 49, 50, 51, 52, 53, 54, 56, 57, 58, 59, 60, 61, 62, 63, 64, 65, 67, 68, 69, 70, 71, 72, 73, 78, 79, 80, 81, 82, 83, 84, 85, 86, 87, 89, 90, 91, 92, 93, 94, 95, 96, 97, 98, 100, 101, 102, 103, 104, 105, 106, 107]
Semantic coverage Partial Correctness R3 [1, 3, 4, 5, 7, 8, 10, 11, 12, 14, 16, 18, 19, 20, 22, 23, 24, 25, 27, 28, 29, 30, 31, 32, 33, 34, 35, 36, 41, 42, 43, 44, 47, 49, 50, 51, 52, 53, 56, 58, 59, 61, 63, 65, 66, 67, 69, 70, 72, 73, 75, 77, 78, 84, 85, 86, 88, 89, 90, 94, 95, 96, 97, 98, 100, 103, 105, 106, 107, 1, 2, 3, 4, 5, 6, 7, 8, 9, 10, 12, 13, 14, 15, 16, 17, 18, 19, 20, 21, 23, 24, 25, 26, 27, 28, 29, 30, 31, 32, 34, 35, 36, 37, 38, 39, 40, 41, 42, 43, 45, 46, 47, 48, 49, 50, 51, 52, 53, 54, 56, 57, 58, 59, 60, 61, 62, 63, 64, 65, 67, 68, 69, 70, 71, 72, 73, 74, 75, 76, 77, 78, 79, 80, 81, 82, 83, 84, 85, 86, 87, 89, 90, 91, 92, 93, 94, 95, 96, 97, 98, 100, 101, 102, 103, 104, 105, 106, 107]
=========================================================
Test 15
Semantic coverage Total Correctness R1 [2, 3, 4, 5, 6, 7, 8, 9, 10, 11, 13, 17, 19, 21, 22, 23, 24, 25, 26, 27, 28, 30, 32, 33, 35, 36, 37, 38, 39, 40, 41, 42, 43, 44, 45, 46, 48, 51, 52, 53, 54, 55, 57, 58, 60, 61, 63, 64, 67, 68, 69, 70, 72, 73, 74, 75, 76, 78, 82, 84, 86, 88, 89, 90, 91, 93, 94, 95, 97, 98, 99, 100, 101, 102, 104, 105, 1, 2, 3, 4, 6, 7, 8, 9, 11, 12, 13, 14, 16, 17, 18, 19, 20, 21, 22, 23, 24, 26, 27, 28, 29, 31, 32, 33, 34, 36, 37, 38, 39, 41, 42, 43, 44, 46, 47, 48, 49, 51, 52, 53, 54, 56, 57, 58, 59, 61, 62, 63, 64, 66, 67, 68, 69, 71, 72, 73, 82, 83, 84, 86, 87, 88, 89, 91, 92, 93, 94, 96, 97, 98, 99, 101, 102, 103, 104, 106, 107]
Semantic coverage Partial Correctness R1 [2, 3, 4, 5, 6, 7, 8, 9, 10, 11, 13, 17, 19, 21, 22, 23, 24, 25, 26, 27, 28, 30, 32, 33, 35, 36, 37, 38, 39, 40, 41, 42, 43, 44, 45, 46, 48, 51, 52, 53, 54, 55, 57, 58, 60, 61, 63, 64, 67, 68, 69, 70, 72, 73, 74, 75, 76, 78, 82, 84, 86, 88, 89, 90, 91, 93, 94, 95, 97, 98, 99, 100, 101, 102, 104, 105, 1, 2, 3, 4, 6, 7, 8, 9, 11, 12, 13, 14, 16, 17, 18, 19, 20, 21, 22, 23, 24, 26, 27, 28, 29, 31, 32, 33, 34, 36, 37, 38, 39, 41, 42, 43, 44, 46, 47, 48, 49, 51, 52, 53, 54, 56, 57, 58, 59, 61, 62, 63, 64, 66, 67, 68, 69, 71, 72, 73, 74, 75, 76, 77, 78, 79, 80, 81, 82, 83, 84, 86, 87, 88, 89, 91, 92, 93, 94, 96, 97, 98, 99, 101, 102, 103, 104, 106, 107]
Semantic coverage Total Correctness R2 [2, 3, 4, 5, 6, 7, 8, 9, 10, 11, 13, 17, 19, 21, 22, 23, 24, 25, 26, 27, 28, 30, 32, 33, 35, 36, 37, 38, 39, 40, 41, 42, 43, 44, 45, 46, 48, 51, 52, 53, 54, 55, 57, 58, 60, 61, 63, 64, 67, 68, 69, 70, 72, 73, 74, 75, 76, 78, 82, 84, 86, 88, 89, 90, 91, 93, 94, 95, 97, 98, 99, 100, 101, 102, 104, 105, 1, 2, 3, 4, 5, 6, 8, 9, 10, 11, 12, 13, 15, 16, 17, 18, 19, 20, 22, 23, 24, 25, 26, 27, 29, 30, 31, 32, 33, 34, 36, 37, 38, 39, 40, 41, 43, 44, 45, 46, 47, 48, 50, 51, 52, 53, 54, 55, 57, 58, 59, 60, 61, 62, 64, 65, 66, 67, 68, 69, 71, 72, 73, 78, 79, 80, 81, 82, 83, 85, 86, 87, 88, 89, 90, 92, 93, 94, 95, 96, 97, 99, 100, 101, 102, 103, 104, 106, 107]
Semantic coverage Partial Correctness R2 [2, 3, 4, 5, 6, 7, 8, 9, 10, 11, 13, 17, 19, 21, 22, 23, 24, 25, 26, 27, 28, 30, 32, 33, 35, 36, 37, 38, 39, 40, 41, 42, 43, 44, 45, 46, 48, 51, 52, 53, 54, 55, 57, 58, 60, 61, 63, 64, 67, 68, 69, 70, 72, 73, 74, 75, 76, 78, 82, 84, 86, 88, 89, 90, 91, 93, 94, 95, 97, 98, 99, 100, 101, 102, 104, 105, 1, 2, 3, 4, 5, 6, 8, 9, 10, 11, 12, 13, 15, 16, 17, 18, 19, 20, 22, 23, 24, 25, 26, 27, 29, 30, 31, 32, 33, 34, 36, 37, 38, 39, 40, 41, 43, 44, 45, 46, 47, 48, 50, 51, 52, 53, 54, 55, 57, 58, 59, 60, 61, 62, 64, 65, 66, 67, 68, 69, 71, 72, 73, 74, 75, 76, 77, 78, 79, 80, 81, 82, 83, 85, 86, 87, 88, 89, 90, 92, 93, 94, 95, 96, 97, 99, 100, 101, 102, 103, 104, 106, 107]
Semantic coverage Total Correctness R3 [2, 3, 4, 5, 6, 7, 8, 9, 10, 11, 13, 17, 19, 21, 22, 23, 24, 25, 26, 27, 28, 30, 32, 33, 35, 36, 37, 38, 39, 40, 41, 42, 43, 44, 45, 46, 48, 51, 52, 53, 54, 55, 57, 58, 60, 61, 63, 64, 67, 68, 69, 70, 72, 73, 74, 75, 76, 78, 82, 84, 86, 88, 89, 90, 91, 93, 94, 95, 97, 98, 99, 100, 101, 102, 104, 105, 1, 2, 3, 4, 5, 6, 7, 8, 9, 10, 12, 13, 14, 15, 16, 17, 18, 19, 20, 21, 23, 24, 25, 26, 27, 28, 29, 30, 31, 32, 34, 35, 36, 37, 38, 39, 40, 41, 42, 43, 45, 46, 47, 48, 49, 50, 51, 52, 53, 54, 56, 57, 58, 59, 60, 61, 62, 63, 64, 65, 67, 68, 69, 70, 71, 72, 73, 78, 79, 80, 81, 82, 83, 84, 85, 86, 87, 89, 90, 91, 92, 93, 94, 95, 96, 97, 98, 100, 101, 102, 103, 104, 105, 106, 107]
Semantic coverage Partial Correctness R3 [2, 3, 4, 5, 6, 7, 8, 9, 10, 11, 13, 17, 19, 21, 22, 23, 24, 25, 26, 27, 28, 30, 32, 33, 35, 36, 37, 38, 39, 40, 41, 42, 43, 44, 45, 46, 48, 51, 52, 53, 54, 55, 57, 58, 60, 61, 63, 64, 67, 68, 69, 70, 72, 73, 74, 75, 76, 78, 82, 84, 86, 88, 89, 90, 91, 93, 94, 95, 97, 98, 99, 100, 101, 102, 104, 105, 1, 2, 3, 4, 5, 6, 7, 8, 9, 10, 12, 13, 14, 15, 16, 17, 18, 19, 20, 21, 23, 24, 25, 26, 27, 28, 29, 30, 31, 32, 34, 35, 36, 37, 38, 39, 40, 41, 42, 43, 45, 46, 47, 48, 49, 50, 51, 52, 53, 54, 56, 57, 58, 59, 60, 61, 62, 63, 64, 65, 67, 68, 69, 70, 71, 72, 73, 74, 75, 76, 77, 78, 79, 80, 81, 82, 83, 84, 85, 86, 87, 89, 90, 91, 92, 93, 94, 95, 96, 97, 98, 100, 101, 102, 103, 104, 105, 106, 107]
=========================================================
Test 16
Semantic coverage Total Correctness R1 [1, 3, 5, 7, 8, 10, 11, 12, 13, 14, 16, 18, 20, 22, 23, 24, 25, 29, 30, 32, 33, 34, 35, 36, 37, 38, 41, 42, 45, 46, 47, 48, 49, 52, 53, 55, 56, 57, 59, 61, 62, 63, 65, 66, 67, 68, 69, 70, 72, 73, 74, 75, 76, 77, 79, 80, 81, 82, 83, 85, 87, 88, 89, 90, 92, 93, 94, 95, 96, 97, 98, 99, 100, 101, 103, 104, 106, 1, 2, 3, 4, 6, 7, 8, 9, 11, 12, 13, 14, 16, 17, 18, 19, 20, 21, 22, 23, 24, 26, 27, 28, 29, 31, 32, 33, 34, 36, 37, 38, 39, 41, 42, 43, 44, 46, 47, 48, 49, 51, 52, 53, 54, 56, 57, 58, 59, 61, 62, 63, 64, 66, 67, 68, 69, 71, 72, 73, 82, 83, 84, 86, 87, 88, 89, 91, 92, 93, 94, 96, 97, 98, 99, 101, 102, 103, 104, 106, 107]
Semantic coverage Partial Correctness R1 [1, 3, 5, 7, 8, 10, 11, 12, 13, 14, 16, 18, 20, 22, 23, 24, 25, 29, 30, 32, 33, 34, 35, 36, 37, 38, 41, 42, 45, 46, 47, 48, 49, 52, 53, 55, 56, 57, 59, 61, 62, 63, 65, 66, 67, 68, 69, 70, 72, 73, 74, 75, 76, 77, 79, 80, 81, 82, 83, 85, 87, 88, 89, 90, 92, 93, 94, 95, 96, 97, 98, 99, 100, 101, 103, 104, 106, 1, 2, 3, 4, 6, 7, 8, 9, 11, 12, 13, 14, 16, 17, 18, 19, 20, 21, 22, 23, 24, 26, 27, 28, 29, 31, 32, 33, 34, 36, 37, 38, 39, 41, 42, 43, 44, 46, 47, 48, 49, 51, 52, 53, 54, 56, 57, 58, 59, 61, 62, 63, 64, 66, 67, 68, 69, 71, 72, 73, 74, 75, 76, 77, 78, 79, 80, 81, 82, 83, 84, 86, 87, 88, 89, 91, 92, 93, 94, 96, 97, 98, 99, 101, 102, 103, 104, 106, 107]
Semantic coverage Total Correctness R2 [1, 3, 5, 7, 8, 10, 11, 12, 13, 14, 16, 18, 20, 22, 23, 24, 25, 29, 30, 32, 33, 34, 35, 36, 37, 38, 41, 42, 45, 46, 47, 48, 49, 52, 53, 55, 56, 57, 59, 61, 62, 63, 65, 66, 67, 68, 69, 70, 72, 73, 74, 75, 76, 77, 79, 80, 81, 82, 83, 85, 87, 88, 89, 90, 92, 93, 94, 95, 96, 97, 98, 99, 100, 101, 103, 104, 106, 1, 2, 3, 4, 5, 6, 8, 9, 10, 11, 12, 13, 15, 16, 17, 18, 19, 20, 22, 23, 24, 25, 26, 27, 29, 30, 31, 32, 33, 34, 36, 37, 38, 39, 40, 41, 43, 44, 45, 46, 47, 48, 50, 51, 52, 53, 54, 55, 57, 58, 59, 60, 61, 62, 64, 65, 66, 67, 68, 69, 71, 72, 73, 78, 79, 80, 81, 82, 83, 85, 86, 87, 88, 89, 90, 92, 93, 94, 95, 96, 97, 99, 100, 101, 102, 103, 104, 106, 107]
Semantic coverage Partial Correctness R2 [1, 3, 5, 7, 8, 10, 11, 12, 13, 14, 16, 18, 20, 22, 23, 24, 25, 29, 30, 32, 33, 34, 35, 36, 37, 38, 41, 42, 45, 46, 47, 48, 49, 52, 53, 55, 56, 57, 59, 61, 62, 63, 65, 66, 67, 68, 69, 70, 72, 73, 74, 75, 76, 77, 79, 80, 81, 82, 83, 85, 87, 88, 89, 90, 92, 93, 94, 95, 96, 97, 98, 99, 100, 101, 103, 104, 106, 1, 2, 3, 4, 5, 6, 8, 9, 10, 11, 12, 13, 15, 16, 17, 18, 19, 20, 22, 23, 24, 25, 26, 27, 29, 30, 31, 32, 33, 34, 36, 37, 38, 39, 40, 41, 43, 44, 45, 46, 47, 48, 50, 51, 52, 53, 54, 55, 57, 58, 59, 60, 61, 62, 64, 65, 66, 67, 68, 69, 71, 72, 73, 74, 75, 76, 77, 78, 79, 80, 81, 82, 83, 85, 86, 87, 88, 89, 90, 92, 93, 94, 95, 96, 97, 99, 100, 101, 102, 103, 104, 106, 107]
Semantic coverage Total Correctness R3 [1, 3, 5, 7, 8, 10, 11, 12, 13, 14, 16, 18, 20, 22, 23, 24, 25, 29, 30, 32, 33, 34, 35, 36, 37, 38, 41, 42, 45, 46, 47, 48, 49, 52, 53, 55, 56, 57, 59, 61, 62, 63, 65, 66, 67, 68, 69, 70, 72, 73, 74, 75, 76, 77, 79, 80, 81, 82, 83, 85, 87, 88, 89, 90, 92, 93, 94, 95, 96, 97, 98, 99, 100, 101, 103, 104, 106, 1, 2, 3, 4, 5, 6, 7, 8, 9, 10, 12, 13, 14, 15, 16, 17, 18, 19, 20, 21, 23, 24, 25, 26, 27, 28, 29, 30, 31, 32, 34, 35, 36, 37, 38, 39, 40, 41, 42, 43, 45, 46, 47, 48, 49, 50, 51, 52, 53, 54, 56, 57, 58, 59, 60, 61, 62, 63, 64, 65, 67, 68, 69, 70, 71, 72, 73, 78, 79, 80, 81, 82, 83, 84, 85, 86, 87, 89, 90, 91, 92, 93, 94, 95, 96, 97, 98, 100, 101, 102, 103, 104, 105, 106, 107]
Semantic coverage Partial Correctness R3 [1, 3, 5, 7, 8, 10, 11, 12, 13, 14, 16, 18, 20, 22, 23, 24, 25, 29, 30, 32, 33, 34, 35, 36, 37, 38, 41, 42, 45, 46, 47, 48, 49, 52, 53, 55, 56, 57, 59, 61, 62, 63, 65, 66, 67, 68, 69, 70, 72, 73, 74, 75, 76, 77, 79, 80, 81, 82, 83, 85, 87, 88, 89, 90, 92, 93, 94, 95, 96, 97, 98, 99, 100, 101, 103, 104, 106, 1, 2, 3, 4, 5, 6, 7, 8, 9, 10, 12, 13, 14, 15, 16, 17, 18, 19, 20, 21, 23, 24, 25, 26, 27, 28, 29, 30, 31, 32, 34, 35, 36, 37, 38, 39, 40, 41, 42, 43, 45, 46, 47, 48, 49, 50, 51, 52, 53, 54, 56, 57, 58, 59, 60, 61, 62, 63, 64, 65, 67, 68, 69, 70, 71, 72, 73, 74, 75, 76, 77, 78, 79, 80, 81, 82, 83, 84, 85, 86, 87, 89, 90, 91, 92, 93, 94, 95, 96, 97, 98, 100, 101, 102, 103, 104, 105, 106, 107]
=========================================================
Test 17
Semantic coverage Total Correctness R1 [1, 2, 3, 4, 6, 7, 8, 9, 10, 13, 14, 16, 18, 19, 21, 22, 23, 24, 25, 27, 28, 29, 30, 31, 32, 33, 34, 35, 37, 38, 39, 40, 42, 44, 45, 46, 47, 48, 49, 51, 52, 53, 54, 55, 56, 57, 59, 61, 62, 64, 65, 66, 68, 69, 70, 71, 72, 75, 77, 78, 80, 82, 83, 84, 85, 87, 89, 90, 91, 93, 94, 95, 98, 99, 100, 101, 102, 103, 104, 105, 106, 107, 1, 2, 3, 4, 6, 7, 8, 9, 11, 12, 13, 14, 16, 17, 18, 19, 20, 21, 22, 23, 24, 26, 27, 28, 29, 31, 32, 33, 34, 36, 37, 38, 39, 41, 42, 43, 44, 46, 47, 48, 49, 51, 52, 53, 54, 56, 57, 58, 59, 61, 62, 63, 64, 66, 67, 68, 69, 71, 72, 73, 82, 83, 84, 86, 87, 88, 89, 91, 92, 93, 94, 96, 97, 98, 99, 101, 102, 103, 104, 106, 107]
Semantic coverage Partial Correctness R1 [1, 2, 3, 4, 6, 7, 8, 9, 10, 13, 14, 16, 18, 19, 21, 22, 23, 24, 25, 27, 28, 29, 30, 31, 32, 33, 34, 35, 37, 38, 39, 40, 42, 44, 45, 46, 47, 48, 49, 51, 52, 53, 54, 55, 56, 57, 59, 61, 62, 64, 65, 66, 68, 69, 70, 71, 72, 75, 77, 78, 80, 82, 83, 84, 85, 87, 89, 90, 91, 93, 94, 95, 98, 99, 100, 101, 102, 103, 104, 105, 106, 107, 1, 2, 3, 4, 6, 7, 8, 9, 11, 12, 13, 14, 16, 17, 18, 19, 20, 21, 22, 23, 24, 26, 27, 28, 29, 31, 32, 33, 34, 36, 37, 38, 39, 41, 42, 43, 44, 46, 47, 48, 49, 51, 52, 53, 54, 56, 57, 58, 59, 61, 62, 63, 64, 66, 67, 68, 69, 71, 72, 73, 74, 75, 76, 77, 78, 79, 80, 81, 82, 83, 84, 86, 87, 88, 89, 91, 92, 93, 94, 96, 97, 98, 99, 101, 102, 103, 104, 106, 107]
Semantic coverage Total Correctness R2 [1, 2, 3, 4, 6, 7, 8, 9, 10, 13, 14, 16, 18, 19, 21, 22, 23, 24, 25, 27, 28, 29, 30, 31, 32, 33, 34, 35, 37, 38, 39, 40, 42, 44, 45, 46, 47, 48, 49, 51, 52, 53, 54, 55, 56, 57, 59, 61, 62, 64, 65, 66, 68, 69, 70, 71, 72, 75, 77, 78, 80, 82, 83, 84, 85, 87, 89, 90, 91, 93, 94, 95, 98, 99, 100, 101, 102, 103, 104, 105, 106, 107, 1, 2, 3, 4, 5, 6, 8, 9, 10, 11, 12, 13, 15, 16, 17, 18, 19, 20, 22, 23, 24, 25, 26, 27, 29, 30, 31, 32, 33, 34, 36, 37, 38, 39, 40, 41, 43, 44, 45, 46, 47, 48, 50, 51, 52, 53, 54, 55, 57, 58, 59, 60, 61, 62, 64, 65, 66, 67, 68, 69, 71, 72, 73, 78, 79, 80, 81, 82, 83, 85, 86, 87, 88, 89, 90, 92, 93, 94, 95, 96, 97, 99, 100, 101, 102, 103, 104, 106, 107]
Semantic coverage Partial Correctness R2 [1, 2, 3, 4, 6, 7, 8, 9, 10, 13, 14, 16, 18, 19, 21, 22, 23, 24, 25, 27, 28, 29, 30, 31, 32, 33, 34, 35, 37, 38, 39, 40, 42, 44, 45, 46, 47, 48, 49, 51, 52, 53, 54, 55, 56, 57, 59, 61, 62, 64, 65, 66, 68, 69, 70, 71, 72, 75, 77, 78, 80, 82, 83, 84, 85, 87, 89, 90, 91, 93, 94, 95, 98, 99, 100, 101, 102, 103, 104, 105, 106, 107, 1, 2, 3, 4, 5, 6, 8, 9, 10, 11, 12, 13, 15, 16, 17, 18, 19, 20, 22, 23, 24, 25, 26, 27, 29, 30, 31, 32, 33, 34, 36, 37, 38, 39, 40, 41, 43, 44, 45, 46, 47, 48, 50, 51, 52, 53, 54, 55, 57, 58, 59, 60, 61, 62, 64, 65, 66, 67, 68, 69, 71, 72, 73, 74, 75, 76, 77, 78, 79, 80, 81, 82, 83, 85, 86, 87, 88, 89, 90, 92, 93, 94, 95, 96, 97, 99, 100, 101, 102, 103, 104, 106, 107]
Semantic coverage Total Correctness R3 [1, 2, 3, 4, 6, 7, 8, 9, 10, 13, 14, 16, 18, 19, 21, 22, 23, 24, 25, 27, 28, 29, 30, 31, 32, 33, 34, 35, 37, 38, 39, 40, 42, 44, 45, 46, 47, 48, 49, 51, 52, 53, 54, 55, 56, 57, 59, 61, 62, 64, 65, 66, 68, 69, 70, 71, 72, 75, 77, 78, 80, 82, 83, 84, 85, 87, 89, 90, 91, 93, 94, 95, 98, 99, 100, 101, 102, 103, 104, 105, 106, 107, 1, 2, 3, 4, 5, 6, 7, 8, 9, 10, 12, 13, 14, 15, 16, 17, 18, 19, 20, 21, 23, 24, 25, 26, 27, 28, 29, 30, 31, 32, 34, 35, 36, 37, 38, 39, 40, 41, 42, 43, 45, 46, 47, 48, 49, 50, 51, 52, 53, 54, 56, 57, 58, 59, 60, 61, 62, 63, 64, 65, 67, 68, 69, 70, 71, 72, 73, 78, 79, 80, 81, 82, 83, 84, 85, 86, 87, 89, 90, 91, 92, 93, 94, 95, 96, 97, 98, 100, 101, 102, 103, 104, 105, 106, 107]
Semantic coverage Partial Correctness R3 [1, 2, 3, 4, 6, 7, 8, 9, 10, 13, 14, 16, 18, 19, 21, 22, 23, 24, 25, 27, 28, 29, 30, 31, 32, 33, 34, 35, 37, 38, 39, 40, 42, 44, 45, 46, 47, 48, 49, 51, 52, 53, 54, 55, 56, 57, 59, 61, 62, 64, 65, 66, 68, 69, 70, 71, 72, 75, 77, 78, 80, 82, 83, 84, 85, 87, 89, 90, 91, 93, 94, 95, 98, 99, 100, 101, 102, 103, 104, 105, 106, 107, 1, 2, 3, 4, 5, 6, 7, 8, 9, 10, 12, 13, 14, 15, 16, 17, 18, 19, 20, 21, 23, 24, 25, 26, 27, 28, 29, 30, 31, 32, 34, 35, 36, 37, 38, 39, 40, 41, 42, 43, 45, 46, 47, 48, 49, 50, 51, 52, 53, 54, 56, 57, 58, 59, 60, 61, 62, 63, 64, 65, 67, 68, 69, 70, 71, 72, 73, 74, 75, 76, 77, 78, 79, 80, 81, 82, 83, 84, 85, 86, 87, 89, 90, 91, 92, 93, 94, 95, 96, 97, 98, 100, 101, 102, 103, 104, 105, 106, 107]
=========================================================
Test 18
Semantic coverage Total Correctness R1 [1, 2, 3, 5, 6, 7, 8, 9, 10, 12, 13, 14, 15, 17, 19, 20, 23, 24, 26, 27, 29, 30, 31, 32, 33, 36, 37, 38, 39, 41, 42, 43, 44, 45, 46, 48, 51, 52, 53, 56, 57, 58, 59, 62, 63, 64, 65, 67, 68, 70, 71, 72, 73, 76, 78, 79, 80, 81, 82, 85, 86, 87, 88, 90, 91, 92, 94, 96, 97, 98, 99, 100, 101, 102, 103, 104, 105, 107, 1, 2, 3, 4, 6, 7, 8, 9, 11, 12, 13, 14, 16, 17, 18, 19, 20, 21, 22, 23, 24, 26, 27, 28, 29, 31, 32, 33, 34, 36, 37, 38, 39, 41, 42, 43, 44, 46, 47, 48, 49, 51, 52, 53, 54, 56, 57, 58, 59, 61, 62, 63, 64, 66, 67, 68, 69, 71, 72, 73, 82, 83, 84, 86, 87, 88, 89, 91, 92, 93, 94, 96, 97, 98, 99, 101, 102, 103, 104, 106, 107]
Semantic coverage Partial Correctness R1 [1, 2, 3, 5, 6, 7, 8, 9, 10, 12, 13, 14, 15, 17, 19, 20, 23, 24, 26, 27, 29, 30, 31, 32, 33, 36, 37, 38, 39, 41, 42, 43, 44, 45, 46, 48, 51, 52, 53, 56, 57, 58, 59, 62, 63, 64, 65, 67, 68, 70, 71, 72, 73, 76, 78, 79, 80, 81, 82, 85, 86, 87, 88, 90, 91, 92, 94, 96, 97, 98, 99, 100, 101, 102, 103, 104, 105, 107, 1, 2, 3, 4, 6, 7, 8, 9, 11, 12, 13, 14, 16, 17, 18, 19, 20, 21, 22, 23, 24, 26, 27, 28, 29, 31, 32, 33, 34, 36, 37, 38, 39, 41, 42, 43, 44, 46, 47, 48, 49, 51, 52, 53, 54, 56, 57, 58, 59, 61, 62, 63, 64, 66, 67, 68, 69, 71, 72, 73, 74, 75, 76, 77, 78, 79, 80, 81, 82, 83, 84, 86, 87, 88, 89, 91, 92, 93, 94, 96, 97, 98, 99, 101, 102, 103, 104, 106, 107]
Semantic coverage Total Correctness R2 [1, 2, 3, 5, 6, 7, 8, 9, 10, 12, 13, 14, 15, 17, 19, 20, 23, 24, 26, 27, 29, 30, 31, 32, 33, 36, 37, 38, 39, 41, 42, 43, 44, 45, 46, 48, 51, 52, 53, 56, 57, 58, 59, 62, 63, 64, 65, 67, 68, 70, 71, 72, 73, 76, 78, 79, 80, 81, 82, 85, 86, 87, 88, 90, 91, 92, 94, 96, 97, 98, 99, 100, 101, 102, 103, 104, 105, 107, 1, 2, 3, 4, 5, 6, 8, 9, 10, 11, 12, 13, 15, 16, 17, 18, 19, 20, 22, 23, 24, 25, 26, 27, 29, 30, 31, 32, 33, 34, 36, 37, 38, 39, 40, 41, 43, 44, 45, 46, 47, 48, 50, 51, 52, 53, 54, 55, 57, 58, 59, 60, 61, 62, 64, 65, 66, 67, 68, 69, 71, 72, 73, 78, 79, 80, 81, 82, 83, 85, 86, 87, 88, 89, 90, 92, 93, 94, 95, 96, 97, 99, 100, 101, 102, 103, 104, 106, 107]
Semantic coverage Partial Correctness R2 [1, 2, 3, 5, 6, 7, 8, 9, 10, 12, 13, 14, 15, 17, 19, 20, 23, 24, 26, 27, 29, 30, 31, 32, 33, 36, 37, 38, 39, 41, 42, 43, 44, 45, 46, 48, 51, 52, 53, 56, 57, 58, 59, 62, 63, 64, 65, 67, 68, 70, 71, 72, 73, 76, 78, 79, 80, 81, 82, 85, 86, 87, 88, 90, 91, 92, 94, 96, 97, 98, 99, 100, 101, 102, 103, 104, 105, 107, 1, 2, 3, 4, 5, 6, 8, 9, 10, 11, 12, 13, 15, 16, 17, 18, 19, 20, 22, 23, 24, 25, 26, 27, 29, 30, 31, 32, 33, 34, 36, 37, 38, 39, 40, 41, 43, 44, 45, 46, 47, 48, 50, 51, 52, 53, 54, 55, 57, 58, 59, 60, 61, 62, 64, 65, 66, 67, 68, 69, 71, 72, 73, 74, 75, 76, 77, 78, 79, 80, 81, 82, 83, 85, 86, 87, 88, 89, 90, 92, 93, 94, 95, 96, 97, 99, 100, 101, 102, 103, 104, 106, 107]
Semantic coverage Total Correctness R3 [1, 2, 3, 5, 6, 7, 8, 9, 10, 12, 13, 14, 15, 17, 19, 20, 23, 24, 26, 27, 29, 30, 31, 32, 33, 36, 37, 38, 39, 41, 42, 43, 44, 45, 46, 48, 51, 52, 53, 56, 57, 58, 59, 62, 63, 64, 65, 67, 68, 70, 71, 72, 73, 76, 78, 79, 80, 81, 82, 85, 86, 87, 88, 90, 91, 92, 94, 96, 97, 98, 99, 100, 101, 102, 103, 104, 105, 107, 1, 2, 3, 4, 5, 6, 7, 8, 9, 10, 12, 13, 14, 15, 16, 17, 18, 19, 20, 21, 23, 24, 25, 26, 27, 28, 29, 30, 31, 32, 34, 35, 36, 37, 38, 39, 40, 41, 42, 43, 45, 46, 47, 48, 49, 50, 51, 52, 53, 54, 56, 57, 58, 59, 60, 61, 62, 63, 64, 65, 67, 68, 69, 70, 71, 72, 73, 78, 79, 80, 81, 82, 83, 84, 85, 86, 87, 89, 90, 91, 92, 93, 94, 95, 96, 97, 98, 100, 101, 102, 103, 104, 105, 106, 107]
Semantic coverage Partial Correctness R3 [1, 2, 3, 5, 6, 7, 8, 9, 10, 12, 13, 14, 15, 17, 19, 20, 23, 24, 26, 27, 29, 30, 31, 32, 33, 36, 37, 38, 39, 41, 42, 43, 44, 45, 46, 48, 51, 52, 53, 56, 57, 58, 59, 62, 63, 64, 65, 67, 68, 70, 71, 72, 73, 76, 78, 79, 80, 81, 82, 85, 86, 87, 88, 90, 91, 92, 94, 96, 97, 98, 99, 100, 101, 102, 103, 104, 105, 107, 1, 2, 3, 4, 5, 6, 7, 8, 9, 10, 12, 13, 14, 15, 16, 17, 18, 19, 20, 21, 23, 24, 25, 26, 27, 28, 29, 30, 31, 32, 34, 35, 36, 37, 38, 39, 40, 41, 42, 43, 45, 46, 47, 48, 49, 50, 51, 52, 53, 54, 56, 57, 58, 59, 60, 61, 62, 63, 64, 65, 67, 68, 69, 70, 71, 72, 73, 74, 75, 76, 77, 78, 79, 80, 81, 82, 83, 84, 85, 86, 87, 89, 90, 91, 92, 93, 94, 95, 96, 97, 98, 100, 101, 102, 103, 104, 105, 106, 107]
=========================================================
Test 19
Semantic coverage Total Correctness R1 [1, 2, 3, 5, 6, 7, 8, 10, 11, 12, 14, 15, 17, 18, 19, 21, 22, 23, 24, 27, 29, 30, 31, 32, 33, 34, 35, 36, 37, 38, 39, 40, 42, 43, 44, 45, 46, 47, 48, 49, 51, 52, 53, 54, 55, 56, 57, 58, 59, 60, 61, 62, 63, 65, 66, 67, 68, 69, 70, 71, 75, 76, 77, 78, 80, 81, 82, 83, 85, 87, 88, 90, 91, 92, 93, 94, 96, 97, 99, 100, 101, 102, 103, 105, 106, 107, 1, 2, 3, 4, 6, 7, 8, 9, 11, 12, 13, 14, 16, 17, 18, 19, 20, 21, 22, 23, 24, 26, 27, 28, 29, 31, 32, 33, 34, 36, 37, 38, 39, 41, 42, 43, 44, 46, 47, 48, 49, 51, 52, 53, 54, 56, 57, 58, 59, 61, 62, 63, 64, 66, 67, 68, 69, 71, 72, 73, 82, 83, 84, 86, 87, 88, 89, 91, 92, 93, 94, 96, 97, 98, 99, 101, 102, 103, 104, 106, 107]
Semantic coverage Partial Correctness R1 [1, 2, 3, 5, 6, 7, 8, 10, 11, 12, 14, 15, 17, 18, 19, 21, 22, 23, 24, 27, 29, 30, 31, 32, 33, 34, 35, 36, 37, 38, 39, 40, 42, 43, 44, 45, 46, 47, 48, 49, 51, 52, 53, 54, 55, 56, 57, 58, 59, 60, 61, 62, 63, 65, 66, 67, 68, 69, 70, 71, 75, 76, 77, 78, 80, 81, 82, 83, 85, 87, 88, 90, 91, 92, 93, 94, 96, 97, 99, 100, 101, 102, 103, 105, 106, 107, 1, 2, 3, 4, 6, 7, 8, 9, 11, 12, 13, 14, 16, 17, 18, 19, 20, 21, 22, 23, 24, 26, 27, 28, 29, 31, 32, 33, 34, 36, 37, 38, 39, 41, 42, 43, 44, 46, 47, 48, 49, 51, 52, 53, 54, 56, 57, 58, 59, 61, 62, 63, 64, 66, 67, 68, 69, 71, 72, 73, 74, 75, 76, 77, 78, 79, 80, 81, 82, 83, 84, 86, 87, 88, 89, 91, 92, 93, 94, 96, 97, 98, 99, 101, 102, 103, 104, 106, 107]
Semantic coverage Total Correctness R2 [1, 2, 3, 5, 6, 7, 8, 10, 11, 12, 14, 15, 17, 18, 19, 21, 22, 23, 24, 27, 29, 30, 31, 32, 33, 34, 35, 36, 37, 38, 39, 40, 42, 43, 44, 45, 46, 47, 48, 49, 51, 52, 53, 54, 55, 56, 57, 58, 59, 60, 61, 62, 63, 65, 66, 67, 68, 69, 70, 71, 75, 76, 77, 78, 80, 81, 82, 83, 85, 87, 88, 90, 91, 92, 93, 94, 96, 97, 99, 100, 101, 102, 103, 105, 106, 107, 1, 2, 3, 4, 5, 6, 8, 9, 10, 11, 12, 13, 15, 16, 17, 18, 19, 20, 22, 23, 24, 25, 26, 27, 29, 30, 31, 32, 33, 34, 36, 37, 38, 39, 40, 41, 43, 44, 45, 46, 47, 48, 50, 51, 52, 53, 54, 55, 57, 58, 59, 60, 61, 62, 64, 65, 66, 67, 68, 69, 71, 72, 73, 78, 79, 80, 81, 82, 83, 85, 86, 87, 88, 89, 90, 92, 93, 94, 95, 96, 97, 99, 100, 101, 102, 103, 104, 106, 107]
Semantic coverage Partial Correctness R2 [1, 2, 3, 5, 6, 7, 8, 10, 11, 12, 14, 15, 17, 18, 19, 21, 22, 23, 24, 27, 29, 30, 31, 32, 33, 34, 35, 36, 37, 38, 39, 40, 42, 43, 44, 45, 46, 47, 48, 49, 51, 52, 53, 54, 55, 56, 57, 58, 59, 60, 61, 62, 63, 65, 66, 67, 68, 69, 70, 71, 75, 76, 77, 78, 80, 81, 82, 83, 85, 87, 88, 90, 91, 92, 93, 94, 96, 97, 99, 100, 101, 102, 103, 105, 106, 107, 1, 2, 3, 4, 5, 6, 8, 9, 10, 11, 12, 13, 15, 16, 17, 18, 19, 20, 22, 23, 24, 25, 26, 27, 29, 30, 31, 32, 33, 34, 36, 37, 38, 39, 40, 41, 43, 44, 45, 46, 47, 48, 50, 51, 52, 53, 54, 55, 57, 58, 59, 60, 61, 62, 64, 65, 66, 67, 68, 69, 71, 72, 73, 74, 75, 76, 77, 78, 79, 80, 81, 82, 83, 85, 86, 87, 88, 89, 90, 92, 93, 94, 95, 96, 97, 99, 100, 101, 102, 103, 104, 106, 107]
Semantic coverage Total Correctness R3 [1, 2, 3, 5, 6, 7, 8, 10, 11, 12, 14, 15, 17, 18, 19, 21, 22, 23, 24, 27, 29, 30, 31, 32, 33, 34, 35, 36, 37, 38, 39, 40, 42, 43, 44, 45, 46, 47, 48, 49, 51, 52, 53, 54, 55, 56, 57, 58, 59, 60, 61, 62, 63, 65, 66, 67, 68, 69, 70, 71, 75, 76, 77, 78, 80, 81, 82, 83, 85, 87, 88, 90, 91, 92, 93, 94, 96, 97, 99, 100, 101, 102, 103, 105, 106, 107, 1, 2, 3, 4, 5, 6, 7, 8, 9, 10, 12, 13, 14, 15, 16, 17, 18, 19, 20, 21, 23, 24, 25, 26, 27, 28, 29, 30, 31, 32, 34, 35, 36, 37, 38, 39, 40, 41, 42, 43, 45, 46, 47, 48, 49, 50, 51, 52, 53, 54, 56, 57, 58, 59, 60, 61, 62, 63, 64, 65, 67, 68, 69, 70, 71, 72, 73, 78, 79, 80, 81, 82, 83, 84, 85, 86, 87, 89, 90, 91, 92, 93, 94, 95, 96, 97, 98, 100, 101, 102, 103, 104, 105, 106, 107]
Semantic coverage Partial Correctness R3 [1, 2, 3, 5, 6, 7, 8, 10, 11, 12, 14, 15, 17, 18, 19, 21, 22, 23, 24, 27, 29, 30, 31, 32, 33, 34, 35, 36, 37, 38, 39, 40, 42, 43, 44, 45, 46, 47, 48, 49, 51, 52, 53, 54, 55, 56, 57, 58, 59, 60, 61, 62, 63, 65, 66, 67, 68, 69, 70, 71, 75, 76, 77, 78, 80, 81, 82, 83, 85, 87, 88, 90, 91, 92, 93, 94, 96, 97, 99, 100, 101, 102, 103, 105, 106, 107, 1, 2, 3, 4, 5, 6, 7, 8, 9, 10, 12, 13, 14, 15, 16, 17, 18, 19, 20, 21, 23, 24, 25, 26, 27, 28, 29, 30, 31, 32, 34, 35, 36, 37, 38, 39, 40, 41, 42, 43, 45, 46, 47, 48, 49, 50, 51, 52, 53, 54, 56, 57, 58, 59, 60, 61, 62, 63, 64, 65, 67, 68, 69, 70, 71, 72, 73, 74, 75, 76, 77, 78, 79, 80, 81, 82, 83, 84, 85, 86, 87, 89, 90, 91, 92, 93, 94, 95, 96, 97, 98, 100, 101, 102, 103, 104, 105, 106, 107]
=========================================================
Test 20
Semantic coverage Total Correctness R1 [1, 2, 3, 5, 7, 8, 11, 12, 13, 14, 15, 17, 18, 19, 20, 22, 23, 24, 25, 26, 30, 31, 32, 33, 34, 35, 36, 37, 38, 40, 41, 42, 43, 44, 45, 46, 47, 48, 49, 50, 53, 54, 55, 56, 57, 58, 59, 60, 62, 65, 66, 67, 69, 70, 71, 72, 73, 74, 75, 76, 78, 79, 80, 81, 82, 83, 84, 85, 86, 87, 88, 89, 90, 91, 92, 94, 95, 96, 97, 99, 101, 102, 103, 104, 105, 106, 1, 2, 3, 4, 6, 7, 8, 9, 11, 12, 13, 14, 16, 17, 18, 19, 20, 21, 22, 23, 24, 26, 27, 28, 29, 31, 32, 33, 34, 36, 37, 38, 39, 41, 42, 43, 44, 46, 47, 48, 49, 51, 52, 53, 54, 56, 57, 58, 59, 61, 62, 63, 64, 66, 67, 68, 69, 71, 72, 73, 82, 83, 84, 86, 87, 88, 89, 91, 92, 93, 94, 96, 97, 98, 99, 101, 102, 103, 104, 106, 107]
Semantic coverage Partial Correctness R1 [1, 2, 3, 5, 7, 8, 11, 12, 13, 14, 15, 17, 18, 19, 20, 22, 23, 24, 25, 26, 30, 31, 32, 33, 34, 35, 36, 37, 38, 40, 41, 42, 43, 44, 45, 46, 47, 48, 49, 50, 53, 54, 55, 56, 57, 58, 59, 60, 62, 65, 66, 67, 69, 70, 71, 72, 73, 74, 75, 76, 78, 79, 80, 81, 82, 83, 84, 85, 86, 87, 88, 89, 90, 91, 92, 94, 95, 96, 97, 99, 101, 102, 103, 104, 105, 106, 1, 2, 3, 4, 6, 7, 8, 9, 11, 12, 13, 14, 16, 17, 18, 19, 20, 21, 22, 23, 24, 26, 27, 28, 29, 31, 32, 33, 34, 36, 37, 38, 39, 41, 42, 43, 44, 46, 47, 48, 49, 51, 52, 53, 54, 56, 57, 58, 59, 61, 62, 63, 64, 66, 67, 68, 69, 71, 72, 73, 74, 75, 76, 77, 78, 79, 80, 81, 82, 83, 84, 86, 87, 88, 89, 91, 92, 93, 94, 96, 97, 98, 99, 101, 102, 103, 104, 106, 107]
Semantic coverage Total Correctness R2 [1, 2, 3, 5, 7, 8, 11, 12, 13, 14, 15, 17, 18, 19, 20, 22, 23, 24, 25, 26, 30, 31, 32, 33, 34, 35, 36, 37, 38, 40, 41, 42, 43, 44, 45, 46, 47, 48, 49, 50, 53, 54, 55, 56, 57, 58, 59, 60, 62, 65, 66, 67, 69, 70, 71, 72, 73, 74, 75, 76, 78, 79, 80, 81, 82, 83, 84, 85, 86, 87, 88, 89, 90, 91, 92, 94, 95, 96, 97, 99, 101, 102, 103, 104, 105, 106, 1, 2, 3, 4, 5, 6, 8, 9, 10, 11, 12, 13, 15, 16, 17, 18, 19, 20, 22, 23, 24, 25, 26, 27, 29, 30, 31, 32, 33, 34, 36, 37, 38, 39, 40, 41, 43, 44, 45, 46, 47, 48, 50, 51, 52, 53, 54, 55, 57, 58, 59, 60, 61, 62, 64, 65, 66, 67, 68, 69, 71, 72, 73, 78, 79, 80, 81, 82, 83, 85, 86, 87, 88, 89, 90, 92, 93, 94, 95, 96, 97, 99, 100, 101, 102, 103, 104, 106, 107]
Semantic coverage Partial Correctness R2 [1, 2, 3, 5, 7, 8, 11, 12, 13, 14, 15, 17, 18, 19, 20, 22, 23, 24, 25, 26, 30, 31, 32, 33, 34, 35, 36, 37, 38, 40, 41, 42, 43, 44, 45, 46, 47, 48, 49, 50, 53, 54, 55, 56, 57, 58, 59, 60, 62, 65, 66, 67, 69, 70, 71, 72, 73, 74, 75, 76, 78, 79, 80, 81, 82, 83, 84, 85, 86, 87, 88, 89, 90, 91, 92, 94, 95, 96, 97, 99, 101, 102, 103, 104, 105, 106, 1, 2, 3, 4, 5, 6, 8, 9, 10, 11, 12, 13, 15, 16, 17, 18, 19, 20, 22, 23, 24, 25, 26, 27, 29, 30, 31, 32, 33, 34, 36, 37, 38, 39, 40, 41, 43, 44, 45, 46, 47, 48, 50, 51, 52, 53, 54, 55, 57, 58, 59, 60, 61, 62, 64, 65, 66, 67, 68, 69, 71, 72, 73, 74, 75, 76, 77, 78, 79, 80, 81, 82, 83, 85, 86, 87, 88, 89, 90, 92, 93, 94, 95, 96, 97, 99, 100, 101, 102, 103, 104, 106, 107]
Semantic coverage Total Correctness R3 [1, 2, 3, 5, 7, 8, 11, 12, 13, 14, 15, 17, 18, 19, 20, 22, 23, 24, 25, 26, 30, 31, 32, 33, 34, 35, 36, 37, 38, 40, 41, 42, 43, 44, 45, 46, 47, 48, 49, 50, 53, 54, 55, 56, 57, 58, 59, 60, 62, 65, 66, 67, 69, 70, 71, 72, 73, 74, 75, 76, 78, 79, 80, 81, 82, 83, 84, 85, 86, 87, 88, 89, 90, 91, 92, 94, 95, 96, 97, 99, 101, 102, 103, 104, 105, 106, 1, 2, 3, 4, 5, 6, 7, 8, 9, 10, 12, 13, 14, 15, 16, 17, 18, 19, 20, 21, 23, 24, 25, 26, 27, 28, 29, 30, 31, 32, 34, 35, 36, 37, 38, 39, 40, 41, 42, 43, 45, 46, 47, 48, 49, 50, 51, 52, 53, 54, 56, 57, 58, 59, 60, 61, 62, 63, 64, 65, 67, 68, 69, 70, 71, 72, 73, 78, 79, 80, 81, 82, 83, 84, 85, 86, 87, 89, 90, 91, 92, 93, 94, 95, 96, 97, 98, 100, 101, 102, 103, 104, 105, 106, 107]
Semantic coverage Partial Correctness R3 [1, 2, 3, 5, 7, 8, 11, 12, 13, 14, 15, 17, 18, 19, 20, 22, 23, 24, 25, 26, 30, 31, 32, 33, 34, 35, 36, 37, 38, 40, 41, 42, 43, 44, 45, 46, 47, 48, 49, 50, 53, 54, 55, 56, 57, 58, 59, 60, 62, 65, 66, 67, 69, 70, 71, 72, 73, 74, 75, 76, 78, 79, 80, 81, 82, 83, 84, 85, 86, 87, 88, 89, 90, 91, 92, 94, 95, 96, 97, 99, 101, 102, 103, 104, 105, 106, 1, 2, 3, 4, 5, 6, 7, 8, 9, 10, 12, 13, 14, 15, 16, 17, 18, 19, 20, 21, 23, 24, 25, 26, 27, 28, 29, 30, 31, 32, 34, 35, 36, 37, 38, 39, 40, 41, 42, 43, 45, 46, 47, 48, 49, 50, 51, 52, 53, 54, 56, 57, 58, 59, 60, 61, 62, 63, 64, 65, 67, 68, 69, 70, 71, 72, 73, 74, 75, 76, 77, 78, 79, 80, 81, 82, 83, 84, 85, 86, 87, 89, 90, 91, 92, 93, 94, 95, 96, 97, 98, 100, 101, 102, 103, 104, 105, 106, 107]
=========================================================
